130465 1.000017 0.000373 6.462993 -0.000312
131597 1.030592 0.016936 5.192004 0.202838
131596 1.032055 0.017799 5.122909 0.213077
131595 1.030592 0.016936 5.191988 0.202838
131594 1.032055 0.017799 5.122849 0.213074
135606 1.033681 0.019590 5.429841 0.257012
119861 1.033596 0.019465 5.430273 0.255437
140353 1.240683 0.113307 -6.439386 1.503121
134612 1.050090 0.025050 4.695490 0.334768
103395 1.003348 0.001523 6.415299 0.017196
103396 1.003572 0.001733 6.479997 0.010580
103392 1.000000 0.000000 6.470000 0.000000
103393 1.025624 0.013864 5.795551 0.182658
139988 1.036002 0.017922 5.584587 0.238818
111549 1.131178 0.050996 -0.719868 0.687991
131476 1.123008 0.050163 2.670763 0.682446
131477 1.126190 0.051802 2.549279 0.705258
118328 1.032968 0.019144 5.459318 0.251206
139582 1.035003 0.019826 5.404659 0.256932
139583 1.000000 0.000000 6.470000 0.000000
139584 1.035003 0.019826 5.404659 0.256932
139238 1.000000 0.000000 6.470000 0.000000
139239 1.000000 0.000000 6.470000 0.000000
139237 1.030801 0.018125 5.503036 0.237381
139235 1.032708 0.018971 5.444358 0.248847
119212 1.199246 0.088736 -11.654488 1.097337
119213 1.199233 0.088735 -11.652949 1.097329
119218 1.220785 0.097143 -5.886993 1.299882
119862 1.000000 0.000000 6.470000 0.000000
104485 0.999977 0.000651 6.512333 0.005057
104484 1.000000 0.000000 6.470000 0.000000
104486 1.034523 0.019615 5.451838 0.253414
104481 1.220825 0.087044 -7.388638 1.141834
104482 1.134041 0.051585 -6.961302 0.601763
104489 0.999558 0.000324 6.474275 0.000024
104488 1.031200 0.017693 5.551365 0.228654
130322 1.032428 0.017961 5.496998 0.237116
120410 1.034130 0.019815 5.427231 0.259920
120411 1.000000 0.000000 6.470000 0.000000
105280 1.032571 0.018919 5.465849 0.248247
105281 1.000000 0.000000 6.470000 0.000000
105282 1.000345 0.000348 6.469242 -0.000028
105283 1.000947 0.000700 6.474548 0.000210
134613 1.055514 0.028242 4.522227 0.376728
119805 1.000000 0.000000 6.470000 0.000000
119804 1.000981 0.000715 6.471311 0.000065
115489 1.034109 0.019249 5.452917 0.249671
119020 1.145702 0.057688 -2.091942 0.766178
139791 1.036149 0.020874 5.875770 0.270553
130238 1.032459 0.017930 5.485677 0.236753
101044 1.000000 0.000000 6.470000 0.000000
101048 1.029173 0.017028 5.542018 0.223376
130237 1.031926 0.017608 5.502553 0.232539
135153 1.055556 0.027179 4.695887 0.365000
135156 1.055559 0.027179 4.695777 0.364999
118307 1.000000 0.000000 6.470000 0.000000
118306 1.001868 0.001582 6.467123 -0.000230
118305 1.032500 0.018848 5.451021 0.247239
118304 1.032500 0.018848 5.451070 0.247236
135154 1.062754 0.031373 4.508237 0.420546
118308 0.999813 0.000348 6.467430 -0.000216
135779 1.057134 0.029009 4.652707 0.386667
135778 1.062630 0.032229 4.512870 0.429124
135777 1.057126 0.029009 4.653189 0.386665
112213 1.001531 0.001584 6.461055 -0.001079
112212 0.999429 0.000361 6.485292 0.000009
112211 1.000000 0.000000 6.470000 0.000000
112210 1.033353 0.019358 5.436614 0.253983
129391 1.032822 0.018788 5.456381 0.246635
108690 1.034118 0.019251 5.452292 0.249702
108691 1.000384 0.000328 6.467301 -0.000067
108692 1.000017 0.000065 6.470378 0.000017
108693 1.001873 0.001562 6.513572 0.000580
138305 1.033276 0.019476 5.437019 0.255387
138304 1.032997 0.019323 5.444495 0.253354
138306 1.033023 0.019324 5.446264 0.253404
138301 1.000374 0.000307 6.478921 -0.000042
138300 1.009993 0.004976 6.880087 0.034667
108479 1.178148 0.078004 0.231930 1.066064
134194 1.049740 0.025091 4.573413 0.333655
111971 1.000000 0.000000 6.470000 0.000000
130934 1.033343 0.018803 5.446028 0.252678
109255 0.999430 0.000359 6.488506 0.000026
109254 1.033106 0.019280 5.447056 0.252872
100234 1.033376 0.019481 5.455791 0.255425
100233 0.999565 0.000381 6.468871 -0.000132
101185 1.034275 0.019025 5.458068 0.250412
101184 1.000000 0.000000 6.470000 0.000000
119791 1.000000 0.000000 6.470000 0.000000
119829 1.000353 0.000358 6.469353 -0.000051
119828 1.033455 0.019439 5.450351 0.255080
119799 1.000349 0.000352 6.469632 -0.000011
100051 1.000151 0.000383 6.466485 -0.000104
101987 1.001952 0.001569 6.050553 0.000616
101986 1.000000 0.000000 6.470000 0.000000
101984 1.000000 0.000000 6.470000 0.000000
101983 1.000535 0.000733 6.337097 -0.000017
101982 1.000000 0.000000 6.470000 0.000000
128166 1.035739 0.020123 5.394844 0.264167
128167 1.034425 0.019341 5.442124 0.253960
128168 1.034425 0.019342 5.442242 0.253962
103394 1.005160 0.002737 6.325289 0.035924
103397 1.032951 0.019131 5.458595 0.251041
127515 1.031883 0.018226 5.471349 0.239306
127516 1.032792 0.018647 5.441944 0.245021
120209 1.000000 0.000000 6.470000 0.000000
118363 1.034553 0.019500 5.438983 0.252924
118365 1.001897 0.001581 6.514273 0.000592
118364 1.034553 0.019501 5.438953 0.252926
118367 1.000390 0.000332 6.467211 -0.000071
118366 1.000017 0.000065 6.470383 0.000017
128390 1.031697 0.018433 5.495500 0.241554
139890 1.031639 0.018474 5.490891 0.242355
100842 1.000021 0.000063 6.470335 0.000015
111915 0.976287 0.024318 7.780000 0.073358
118695 1.000024 0.000073 6.470382 0.000017
118696 1.001494 0.001594 6.462159 -0.001361
118698 1.005800 0.004774 6.632014 0.006444
136361 1.049961 0.024107 4.684366 0.322603
136360 1.049967 0.024107 4.683233 0.322601
100219 1.133957 0.055341 2.281958 0.751882
119800 1.032864 0.019101 5.456943 0.250611
112646 0.999591 0.000390 6.487215 -0.000151
112647 1.002557 0.001612 6.523114 0.002279
128671 1.031601 0.018185 5.532598 0.238945
139122 1.047531 0.024909 4.870949 0.330060
133854 1.034256 0.019167 5.415675 0.251536
133856 1.036037 0.020227 5.352005 0.265383
134317 1.036920 0.020515 5.385490 0.269414
118345 1.033055 0.019491 5.449014 0.255045
139258 1.033805 0.019727 5.441867 0.258653
139259 1.000000 0.000000 6.470000 0.000000
139257 1.033805 0.019727 5.441868 0.258653
120900 1.034142 0.019106 5.468484 0.251678
120901 1.034141 0.019107 5.468012 0.251689
118507 1.000003 0.000010 6.466167 0.000052
118508 1.032026 0.018769 5.445156 0.246006
136431 1.035772 0.020402 5.762416 0.265004
126210 1.031582 0.018434 5.521606 0.241684
100896 1.000010 0.000380 6.463909 -0.000239
100897 1.001150 0.001543 6.341902 -0.000435
100895 1.000000 0.000000 6.470000 0.000000
100898 1.033234 0.019441 5.432086 0.254919
130026 1.033455 0.018910 5.467417 0.248985
140347 1.084473 0.042885 3.430574 0.578167
140348 1.058916 0.028960 3.959417 0.386861
139585 1.000000 0.000000 6.470000 0.000000
115399 1.000321 0.000775 6.469242 -0.000740
115398 1.032067 0.018639 5.467747 0.244447
118715 1.034660 0.019166 5.447729 0.253396
118716 1.005755 0.004724 6.626205 0.006408
118717 1.000161 0.000387 6.468131 -0.000524
118718 1.000024 0.000072 6.470377 0.000017
118719 1.034661 0.019166 5.447676 0.253400
119570 1.000154 0.000388 6.466616 -0.000098
120794 0.981861 0.004456 7.469500 -0.033741
120793 0.999762 0.000363 6.460342 -0.000289
120249 1.035037 0.019455 5.434721 0.256052
120248 1.000000 0.000000 6.470000 0.000000
102672 1.033217 0.019278 5.442313 0.252917
139794 1.059778 0.028741 4.418896 0.381406
139531 1.053192 0.027109 4.868655 0.360025
115994 0.997904 0.001069 6.613275 -0.005123
119219 1.102872 0.084296 3.760610 1.109850
134320 1.038709 0.021582 5.321212 0.283353
120490 1.140249 0.058203 2.100148 0.791179
101892 0.999419 0.001573 6.443897 -0.001448
118066 0.998644 0.002243 6.540455 -0.023532
118065 0.999428 0.000284 6.466527 0.000043
134811 1.035597 0.020016 5.548796 0.262555
134810 1.037391 0.021082 5.483482 0.276493
129120 1.031582 0.017523 5.469242 0.230948
128323 1.034449 0.019337 5.448331 0.253955
129871 1.029247 0.017255 5.568714 0.225677
103225 1.033198 0.018870 5.452865 0.250510
103226 0.998258 0.000552 6.532496 -0.007153
103227 0.998552 0.000794 6.517168 0.000596
103228 1.001927 0.001582 6.422085 0.001086
140117 1.267488 0.113778 -2.165799 1.515642
135155 1.062755 0.031373 4.508252 0.420546
139562 1.032506 0.018816 5.378973 0.246646
139563 1.032190 0.019379 5.444754 0.252527
139560 1.031320 0.018483 5.393860 0.241293
139561 1.034238 0.020183 5.442205 0.264507
139566 1.034329 0.019742 5.880043 0.256010
139567 1.036117 0.020797 5.817769 0.269902
139564 1.034329 0.019742 5.880054 0.256010
139565 1.036116 0.020796 5.817538 0.269892
120262 1.027101 0.015838 5.625025 0.207500
120266 1.000000 0.000000 6.470000 0.000000
120265 1.000000 0.000000 6.470000 0.000000
139386 1.033295 0.019485 5.438079 0.255466
139387 1.034910 0.019841 5.438502 0.256307
139389 1.034909 0.019841 5.438662 0.256311
140598 1.041909 0.024048 3.722404 0.229195
112014 1.034507 0.019124 5.431530 0.253510
130022 1.040686 0.015811 4.999944 0.211989
133403 1.123067 0.050196 2.668716 0.682914
133402 1.126161 0.051791 2.549555 0.705126
133401 1.126214 0.051815 2.548781 0.705437
133400 1.123067 0.050196 2.668716 0.682914
133407 1.123067 0.050196 2.668716 0.682914
133406 0.896340 0.118043 5.597489 -1.357732
133405 1.024647 0.029301 3.199785 0.126709
133404 1.120523 0.049367 2.743421 0.671754
130023 1.041251 0.016140 4.986749 0.216481
133409 1.126214 0.051815 2.548781 0.705437
133408 1.123016 0.050171 2.672870 0.682567
103052 1.001466 0.001554 6.461073 -0.001282
103051 1.000172 0.000379 6.468206 -0.000343
103050 1.000023 0.000071 6.470371 0.000017
129664 1.031539 0.018061 5.525177 0.237317
129665 1.031549 0.018070 5.525673 0.237444
129660 1.032691 0.018580 5.490802 0.244343
129661 1.033416 0.018968 5.469962 0.249514
129663 1.032852 0.018622 5.488966 0.245076
136475 1.033663 0.019318 5.846548 0.250630
136474 1.033663 0.019318 5.845462 0.250622
136477 1.035437 0.020388 5.784298 0.264659
136476 1.035453 0.020373 5.782918 0.264498
131466 1.029415 0.016296 5.137216 0.189939
119089 1.000000 0.000000 6.470000 0.000000
119088 0.999558 0.000383 6.486420 -0.000143
140390 1.146216 0.093870 -5.126669 1.189085
140393 1.055140 0.031086 5.095791 0.411307
140392 1.150013 0.096332 -5.344009 1.221938
113096 1.032496 0.019129 5.465431 0.250358
136042 1.052657 0.026563 4.692235 0.354177
136043 1.058153 0.029776 4.555292 0.396556
136044 1.058153 0.029776 4.555315 0.396557
136045 1.052659 0.026563 4.692347 0.354178
140171 1.033833 0.018605 5.492554 0.244806
140170 1.042598 0.023851 5.217312 0.313845
140173 1.125984 0.059098 0.562289 0.795875
140172 1.205255 0.095635 -2.458629 1.294138
140175 1.208104 0.097465 -2.654700 1.318241
140174 1.132182 0.062458 0.280003 0.841339
132992 1.029661 0.016821 5.450085 0.213772
132993 1.029661 0.016821 5.450107 0.213773
139541 1.000226 0.000359 6.468996 -0.000114
134193 1.050022 0.025294 4.536047 0.336205
118909 1.031616 0.018588 5.481467 0.243535
118908 0.999831 0.000337 6.461804 -0.000187
118904 0.999808 0.000388 6.460940 -0.000209
118907 1.028271 0.016600 5.589681 0.217537
118906 1.000000 0.000000 6.470000 0.000000
118901 1.000000 0.000000 6.470000 0.000000
118903 1.001689 0.001564 6.473325 -0.000441
118902 1.032748 0.019259 5.445589 0.252313
140031 1.169230 0.084114 -4.187974 1.059669
119692 1.003394 0.001546 6.414824 0.017458
119690 1.033439 0.019432 5.443877 0.254953
119691 1.005237 0.002776 6.322719 0.036443
140066 1.032314 0.025294 6.359888 0.322033
140094 1.184377 0.099707 0.224240 1.334978
135102 1.035677 0.020230 5.587678 0.264765
135104 1.037417 0.021263 5.525212 0.278277
135105 1.035677 0.020230 5.587685 0.264765
138284 1.020529 0.011606 5.884911 0.153082
138288 1.033014 0.019316 5.445881 0.253304
138289 1.000371 0.000305 6.478744 -0.000045
102153 1.024442 0.014195 5.316376 0.167588
102152 0.999651 0.000321 6.519731 -0.000094
134769 1.035639 0.020045 5.537428 0.262930
134768 1.035639 0.020045 5.537447 0.262931
140391 1.150012 0.096333 -5.343911 1.221942
140395 1.051145 0.028770 5.221073 0.380782
140394 1.051411 0.028788 5.199495 0.381068
140396 1.063441 0.031884 4.483862 0.424372
131276 1.027871 0.015610 5.168483 0.180882
100843 1.001253 0.001365 6.464725 -0.001352
131274 1.026550 0.014832 5.237070 0.171921
100844 1.004979 0.004077 6.606459 0.005583
139838 1.033186 0.019264 5.448972 0.252784
135379 1.053855 0.026656 4.647596 0.357290
135378 1.053847 0.026656 4.648448 0.357287
135377 1.060400 0.030482 4.485345 0.407828
135376 1.060405 0.030482 4.485238 0.407823
135371 1.033126 0.019259 5.449160 0.252699
102434 1.249688 0.107361 -8.425386 1.414332
102435 1.150457 0.078474 -5.629486 0.938406
134972 1.033117 0.019256 5.449578 0.252658
134973 1.033686 0.019599 5.430906 0.257126
135507 1.260275 0.141105 -6.708885 1.854599
135707 1.034815 0.019785 5.727629 0.258286
100548 1.000429 0.000300 6.468137 -0.000084
100546 1.033186 0.019397 5.438306 0.254427
100547 1.000000 0.000000 6.470000 0.000000
100541 1.000000 0.000000 6.470000 0.000000
131482 1.179305 0.065502 2.487030 0.839005
131485 1.101235 0.089500 1.616754 -0.198639
120388 1.000000 0.000000 6.470000 0.000000
120389 1.033761 0.019579 5.426740 0.256926
132991 1.031244 0.017755 5.387619 0.225594
101635 1.165804 0.066137 0.231948 0.887529
135506 1.269026 0.146728 -7.037478 1.927650
101636 1.064312 0.049488 5.586806 0.599673
135167 1.027040 0.015318 5.683041 0.202157
135168 1.026664 0.015225 5.697020 0.200766
135169 0.955557 0.065756 2.432351 -0.660533
101858 1.023969 0.013934 5.337696 0.164503
135785 1.035064 0.019836 5.715196 0.259257
135780 1.062630 0.032229 4.512870 0.429124
135788 1.036837 0.020912 5.650232 0.273312
140119 1.276200 0.118765 -2.519005 1.583683
132922 1.046164 0.022248 4.928897 0.290068
132921 1.046164 0.022248 4.928972 0.290071
132920 1.046416 0.022392 4.919539 0.291911
140118 1.267488 0.113778 -2.165799 1.515642
103820 1.096966 0.080319 3.977396 1.057320
100868 1.032223 0.018790 5.469145 0.246538
134958 1.141876 0.058556 2.020849 0.795901
134959 1.134265 0.056200 25.329336 0.754606
134954 1.011299 0.096139 5.909472 -0.738669
134955 0.905599 0.077887 3.295241 -0.556298
134956 1.141876 0.058556 2.020849 0.795901
134957 1.139994 0.058148 2.113347 0.790429
129394 1.032287 0.018468 5.475206 0.242444
129392 1.032894 0.018834 5.459222 0.247264
112458 0.999376 0.000348 6.465526 0.000011
119301 1.000000 0.000000 6.470000 0.000000
119302 1.001680 0.001564 6.470706 -0.000638
119303 1.032857 0.019070 5.447708 0.250201
119304 0.999613 0.000356 6.483114 -0.000084
119305 1.000341 0.000792 6.467853 -0.000791
129972 1.033110 0.018555 5.477450 0.244581
129974 1.032469 0.018152 5.494651 0.239361
103349 1.000022 0.000069 6.470377 0.000017
103348 0.999990 0.000367 6.462587 -0.000253
103347 1.034159 0.018939 5.452305 0.249909
103343 1.000012 0.000050 6.470000 0.000000
103342 0.999584 0.000368 6.469009 -0.000147
103341 1.002213 0.001548 6.466746 0.000585
103340 1.034364 0.019010 5.464621 0.251081
100838 1.000138 0.000331 6.469586 -0.000110
100833 1.000000 0.000000 6.470000 0.000000
100834 0.999601 0.000382 6.484955 0.000021
100835 1.032729 0.019151 5.445731 0.251093
100837 1.029873 0.016506 5.596391 0.218289
140504 1.033084 0.019199 5.296087 0.244788
139120 1.052806 0.028213 4.751048 0.373298
112714 1.001382 0.001443 6.457196 -0.001210
112715 0.999468 0.000330 6.484322 -0.000011
112712 1.000000 0.000000 6.470000 0.000000
112713 1.030506 0.017638 5.531558 0.231580
129708 1.032969 0.018601 5.468738 0.244895
136570 1.090625 0.041673 4.329574 0.555790
120040 0.999807 0.000392 6.460906 -0.000210
134623 1.035156 0.019678 5.487868 0.258438
120772 1.000000 0.000000 6.470000 0.000000
120777 0.999786 0.000359 6.461303 -0.000296
119568 1.034745 0.019249 5.426697 0.255172
119569 1.000025 0.000074 6.470391 0.000018
134626 1.036937 0.020743 5.424259 0.272357
120197 1.034603 0.019160 5.453385 0.253003
120191 1.033343 0.018802 5.445919 0.252674
120190 0.999584 0.000371 6.468782 -0.000135
120198 1.015918 0.019639 6.368626 -0.008442
101408 1.032931 0.019236 5.434169 0.252256
101409 1.000000 0.000000 6.469991 0.000000
101402 1.028492 0.016685 5.579963 0.218538
101400 1.028513 0.016697 5.578915 0.218688
101401 1.029076 0.017035 5.561802 0.223104
101407 1.032931 0.019235 5.434115 0.252243
119784 1.000000 0.000000 6.470000 0.000000
119833 1.028903 0.017033 5.573133 0.222853
103780 1.026652 0.015221 5.697290 0.200714
112645 1.000000 0.000000 6.470000 0.000000
133484 0.997391 0.001562 6.555975 0.001102
120407 0.999563 0.000385 6.469031 -0.000125
105989 1.196491 0.087289 -11.522936 1.076523
119368 1.000000 0.000000 6.470000 0.000000
119369 1.033582 0.019564 5.431225 0.256574
130024 1.050840 0.025208 5.333806 0.330789
134687 1.034194 0.019228 5.516196 0.252450
103637 1.002229 0.001545 6.466501 0.000613
103636 1.000940 0.000822 6.456663 0.000167
103635 0.999564 0.000377 6.468187 -0.000158
103634 1.000000 0.000000 6.470000 0.000000
103633 1.032770 0.019166 5.450543 0.251335
130025 1.032890 0.018585 5.487320 0.244718
134316 1.039269 0.021743 5.270084 0.285555
134319 1.038761 0.021674 5.315361 0.284441
140382 1.104103 0.054921 4.625687 0.741269
140383 1.067739 0.028882 4.711310 0.341018
140381 1.093475 0.048363 4.999689 0.652236
140386 1.036835 0.020014 5.262822 0.263111
140387 1.029167 0.012198 6.267979 0.153617
140384 1.057403 0.024527 5.060024 0.255024
140385 1.034105 0.018349 5.368326 0.241463
140388 1.031124 0.014760 6.322426 0.195540
140389 1.146216 0.093870 -5.126670 1.189085
100852 1.000024 0.000072 6.470377 0.000017
100853 1.000165 0.000382 6.469329 -0.000119
100851 1.034557 0.019122 5.454691 0.252789
100855 1.001478 0.001574 6.462256 -0.001341
131483 1.100125 0.092523 1.533076 -0.224939
139226 1.036393 0.020870 5.796913 0.271206
134688 1.035947 0.020324 5.447666 0.266663
139790 1.036149 0.020873 5.876691 0.270551
139793 1.059777 0.028741 4.419126 0.381402
139792 1.055870 0.026434 4.538644 0.351053
139795 1.055873 0.026434 4.538477 0.351056
101894 0.999589 0.000385 6.485037 -0.000108
101893 1.032956 0.019284 5.441513 0.252829
131484 1.181413 0.066593 2.437073 0.855569
120836 0.998525 0.000404 6.518032 -0.004909
120837 1.033183 0.018858 5.441350 0.250339
120838 1.002167 0.001586 6.412305 0.002986
120839 1.004836 0.002922 6.341289 0.034464
117608 1.071768 0.028596 3.328391 0.387166
119110 1.029113 0.017154 5.552557 0.224622
126209 1.032381 0.018822 5.494952 0.246899
133387 1.013694 0.015592 6.293749 0.189692
140241 1.197350 0.089403 -2.284551 1.210803
140240 1.197387 0.089417 -2.285404 1.210985
134669 1.035754 0.019935 5.489738 0.261977
102010 1.000000 0.000000 6.470000 0.000000
102011 0.997466 0.001564 6.552386 0.001005
102012 1.033184 0.019263 5.448956 0.252770
102013 0.999786 0.000357 6.461194 -0.000301
106842 1.000000 0.000000 6.470000 0.000000
139225 1.034614 0.019801 5.857456 0.257174
140012 1.034012 0.019810 5.818454 0.257452
140013 1.032227 0.018757 5.881651 0.243615
140011 1.034013 0.019810 5.818557 0.257456
140014 1.032227 0.018757 5.881633 0.243615
139403 1.035526 0.020492 5.791669 0.266010
139405 1.033743 0.019435 5.853998 0.252120
139404 1.033744 0.019435 5.854000 0.252120
139406 1.035529 0.020491 5.791330 0.265998
100874 0.999564 0.000377 6.486058 -0.000140
100875 1.000000 0.000000 6.470000 0.000000
100876 1.001618 0.001573 6.480418 -0.000400
100877 1.000000 0.000000 6.470000 0.000000
100873 1.032740 0.019098 5.452348 0.250559
128321 1.035811 0.020149 5.399295 0.264568
109353 1.032363 0.018765 5.456295 0.246164
109350 0.999814 0.000346 6.467416 -0.000217
109351 1.001860 0.001575 6.467035 -0.000234
119283 1.030545 0.017907 5.469729 0.234345
119282 1.003268 0.001716 6.393309 0.012361
119285 0.999354 0.000327 6.466687 0.000051
119284 1.000000 0.000000 6.470000 0.000000
111704 1.032931 0.019236 5.434169 0.252255
111707 1.000000 0.000000 6.470000 0.000000
111703 0.968098 0.024889 8.285687 0.055210
119137 0.999361 0.000364 6.487571 -0.000008
119136 1.000000 0.000000 6.470000 0.000000
119135 1.035461 0.019737 5.421797 0.258331
119139 0.996886 0.001595 6.597031 0.001502
119138 1.001276 0.000819 6.371602 0.000101
104308 0.999571 0.009323 5.826535 -0.033475
140736 1.029781 0.017705 4.924105 0.164476
140734 1.028687 0.017062 5.018967 0.158437
102009 1.029657 0.017201 5.567233 0.225766
102008 0.996154 0.001672 6.594484 -0.010391
140228 1.237617 0.121539 -9.868665 1.582278
140225 1.234594 0.119491 -9.609838 1.556072
140227 1.235884 0.117851 -0.194674 1.541059
140226 1.232288 0.115348 0.905215 1.507755
140032 1.169230 0.084114 -4.187974 1.059669
120280 1.028679 0.016795 5.575433 0.219979
120304 1.033385 0.019397 5.444699 0.254494
119424 1.033443 0.019404 5.436948 0.254609
119421 1.000000 0.000000 6.470000 0.000000
119423 1.001975 0.001587 6.045525 0.000549
119422 0.999652 0.000359 6.521887 -0.000096
135708 1.036606 0.020849 5.663443 0.272225
134196 1.050025 0.025294 4.536010 0.336203
104240 0.967499 0.024720 8.293625 0.049615
118609 1.001588 0.001602 6.455851 -0.001017
101206 1.028310 0.016675 5.588174 0.218156
101755 1.002047 0.001439 6.464767 0.000406
101750 1.031974 0.017638 5.537343 0.233103
101751 1.031974 0.017638 5.537360 0.233105
111705 0.999624 0.000385 6.474790 -0.000185
140762 1.031868 0.016794 4.700027 0.146262
131337 1.118975 0.070458 1.325896 0.173090
101972 1.000000 0.000000 6.470000 0.000000
101973 1.000000 0.000000 6.470000 0.000000
101970 1.000415 0.000344 6.460514 -0.000175
101971 1.033216 0.019469 5.434413 0.255212
101976 1.033215 0.019468 5.434450 0.255197
101974 1.000415 0.000344 6.460508 -0.000175
105279 1.000954 0.000705 6.473384 0.000158
105278 1.000345 0.000349 6.469333 -0.000024
105275 1.000000 0.000000 6.470000 0.000000
105274 1.032578 0.018925 5.465672 0.248312
133397 1.030097 0.016764 5.585769 0.221601
133396 1.028048 0.015547 5.641506 0.205601
118859 1.032628 0.019350 5.438737 0.253147
133399 1.028048 0.015547 5.641506 0.205601
133398 1.030097 0.016763 5.585809 0.221589
134771 1.037432 0.021114 5.471909 0.276892
128388 1.033491 0.019129 5.445899 0.251368
119076 1.220674 0.092100 -6.261525 1.233747
119077 1.130302 0.061332 -5.035055 0.726747
119070 1.226340 0.090271 -7.601345 1.186913
119071 1.226340 0.090273 -7.602764 1.186939
105875 1.216244 0.089355 -6.075912 1.196652
131131 1.040937 0.018533 4.758419 0.218458
100618 1.032964 0.019142 5.458990 0.251185
100619 1.012660 0.005693 6.390070 0.061639
135721 1.033184 0.019263 5.448936 0.252769
134689 1.035964 0.020274 5.455119 0.266146
140414 1.006685 0.001923 6.043973 0.014065
140413 1.007325 0.002080 5.998203 0.015338
140735 1.029779 0.017703 4.924563 0.164452
119248 1.253547 0.109762 -8.592059 1.446952
119247 1.253556 0.109762 -8.592755 1.446950
119241 1.209084 0.089752 -4.285990 1.209643
119242 1.209051 0.089749 -4.284681 1.209595
101221 1.030905 0.018017 5.510785 0.236406
103736 1.000079 0.000090 6.471525 0.000562
103734 1.031268 0.017530 5.548278 0.228702
103735 1.001368 0.001423 6.460293 -0.000525
103884 1.000345 0.000351 6.469504 -0.000044
103885 1.034356 0.019015 5.440746 0.252144
140356 1.239187 0.112203 -6.239384 1.489155
140350 1.084563 0.042941 3.427645 0.578926
128165 1.035735 0.020117 5.396773 0.264098
125342 1.000048 0.000031 6.470671 0.000275
125345 1.030575 0.018013 5.514227 0.235915
125349 1.000020 0.000016 6.470013 0.000100
102701 1.000000 0.000000 6.470000 0.000000
102703 1.032964 0.019142 5.459170 0.251185
118451 1.000431 0.000301 6.471264 0.000057
118450 1.000239 0.000137 6.471628 0.001496
119467 1.000000 0.000000 6.470000 0.000000
119466 1.001167 0.001560 6.340124 -0.000456
119469 1.000013 0.000385 6.463952 -0.000238
119468 1.033596 0.019656 5.420320 0.257736
101549 1.033376 0.019482 5.456235 0.255433
140437 1.000000 0.000000 6.470000 0.000000
130476 1.002502 0.001593 6.481248 0.001397
130474 1.000013 0.000375 6.462582 -0.000338
130473 1.000000 0.000000 6.470000 0.000000
130472 1.032726 0.019032 5.437796 0.249699
130471 1.002451 0.001571 6.483174 0.001409
130479 1.033112 0.019404 5.426927 0.254313
101714 1.000000 0.000000 6.470000 0.000000
104492 1.002047 0.001565 6.483195 0.000711
135103 1.037357 0.021232 5.533428 0.277869
127811 1.033292 0.019023 5.442060 0.249874
127810 1.033292 0.019024 5.441204 0.249878
127813 1.032590 0.018654 5.463783 0.244945
131469 1.030877 0.017159 5.061325 0.199880
131468 1.030894 0.017164 5.055721 0.199927
131467 1.029415 0.016296 5.137231 0.189939
111550 1.131173 0.051002 -0.717959 0.688077
120898 1.031419 0.017490 5.565778 0.230551
120899 1.031418 0.017489 5.566412 0.230547
113153 1.196514 0.087291 -11.527103 1.076545
139228 1.034609 0.019801 5.857462 0.257175
122235 0.999369 0.000351 6.463566 0.000024
138285 1.000000 0.000000 6.470000 0.000000
138286 1.033014 0.019316 5.445840 0.253303
138287 1.005869 0.002834 6.415475 0.032647
138280 1.000000 0.000000 6.470000 0.000000
138281 1.020529 0.011607 5.885268 0.153083
138282 1.020530 0.011606 5.885381 0.153083
138283 1.000000 0.000000 6.470000 0.000000
119832 1.000309 0.000317 6.473013 0.000125
119831 1.000000 0.000000 6.470000 0.000000
120406 1.033772 0.019715 5.442332 0.258479
120408 1.033862 0.019733 5.438443 0.258765
119764 1.000000 0.000000 6.470000 0.000000
101993 1.031837 0.018572 5.484498 0.243678
101994 1.000000 0.000000 6.470000 0.000000
101995 1.000412 0.000329 6.467340 -0.000187
101996 1.028863 0.017006 5.561078 0.222690
101997 1.000000 0.000000 6.470000 0.000000
134313 1.039182 0.021639 5.278879 0.284288
134314 1.037397 0.020573 5.342560 0.270362
134315 1.037396 0.020572 5.343067 0.270346
134318 1.036920 0.020515 5.385490 0.269414
133331 1.034832 0.019298 5.431325 0.254128
133330 1.034832 0.019298 5.431291 0.254126
133333 1.036753 0.020461 5.354142 0.269266
133332 1.036663 0.020392 5.366602 0.268420
112077 1.033118 0.019256 5.449581 0.252660
112076 1.000000 0.000000 6.470000 0.000000
134763 1.033121 0.019254 5.448825 0.252626
119019 1.157657 0.065663 -2.321804 0.880393
131401 1.029056 0.016329 5.064270 0.187001
131400 1.027651 0.015503 5.140307 0.177626
131403 1.029056 0.016329 5.064237 0.187001
131402 1.027651 0.015503 5.140307 0.177626
140030 1.160043 0.078887 -3.781864 0.988231
104241 0.975461 0.024139 7.801323 0.067176
120216 1.033286 0.019474 5.432392 0.255365
120212 0.999559 0.000383 6.467926 -0.000156
120213 1.002264 0.001570 6.466674 0.000637
120210 1.000956 0.000835 6.456418 0.000180
120211 1.033286 0.019474 5.432413 0.255360
118578 1.000000 0.000000 6.470000 0.000000
118579 1.000433 0.000303 6.468148 -0.000083
118577 1.033501 0.019585 5.428538 0.256889
100221 1.119223 0.049015 2.793317 0.667024
100220 1.119234 0.049018 2.793354 0.667058
119766 1.032988 0.019305 5.437309 0.253105
119765 0.999584 0.000385 6.484475 -0.000109
100048 1.000151 0.000383 6.466491 -0.000104
100041 1.000025 0.000073 6.470386 0.000017
100043 1.034329 0.019006 5.440967 0.251998
100042 1.034329 0.019006 5.440994 0.251998
100044 1.000025 0.000073 6.470385 0.000017
100047 1.034328 0.019005 5.441161 0.251990
100046 1.000025 0.000073 6.470385 0.000017
112901 1.175774 0.068540 -2.051844 0.922168
132994 1.031245 0.017756 5.387763 0.225601
135709 1.034815 0.019786 5.726849 0.258292
136141 1.033841 0.019477 5.867038 0.252521
136143 1.035636 0.020529 5.803628 0.266383
136142 1.035629 0.020532 5.803926 0.266397
136144 1.033838 0.019474 5.867162 0.252486
130599 1.032599 0.018181 5.535082 0.240059
101078 1.000000 0.000000 6.470000 0.000000
139260 1.000000 0.000000 6.470000 0.000000
139889 1.031639 0.018474 5.490891 0.242355
135064 1.035639 0.020194 5.568105 0.264344
133107 1.174145 0.077709 0.855064 1.021274
132858 1.029897 0.016989 5.340193 0.210988
132857 1.028371 0.016089 5.405540 0.199858
132856 1.029896 0.016988 5.340854 0.210981
132855 1.028370 0.016089 5.405523 0.199858
136358 1.055779 0.027466 4.537937 0.367006
131273 1.026548 0.014832 5.237169 0.171925
130904 1.123097 0.050876 2.652742 0.692785
119745 1.000000 0.000000 6.470000 0.000000
119746 1.033215 0.019437 5.433118 0.254841
119747 0.999414 0.001585 6.443733 -0.001464
130013 1.032768 0.019165 5.450582 0.251327
139123 1.052806 0.028213 4.751183 0.373304
139121 1.047529 0.024908 4.871230 0.330057
129117 1.032532 0.018184 5.509124 0.239916
129118 1.031041 0.017205 5.487430 0.226782
129119 1.031040 0.017205 5.488446 0.226791
112039 1.193189 0.085830 -3.273682 1.160724
112038 1.193185 0.085829 -3.273831 1.160717
126163 1.033055 0.019491 5.449012 0.255046
126164 1.032496 0.019129 5.465408 0.250361
103491 1.128658 0.049930 -0.484635 0.674328
103490 1.128763 0.049930 -0.492842 0.674316
118720 1.001491 0.001578 6.461265 -0.001281
120038 1.033058 0.019444 5.435499 0.254726
120039 1.008786 0.002531 6.143555 0.020608
120037 1.000000 0.000000 6.470000 0.000000
120253 1.027000 0.015776 5.628671 0.206692
128693 1.033237 0.018948 5.458152 0.249073
128695 1.031555 0.018303 5.508081 0.239979
139538 1.033700 0.019700 5.416584 0.258296
139535 1.000000 0.000000 6.470000 0.000000
139534 1.000000 0.000000 6.470000 0.000000
139537 1.032973 0.019258 5.446185 0.252543
139536 1.000232 0.000367 6.469015 -0.000101
139532 1.049193 0.024755 4.992110 0.329011
113248 0.968366 0.024880 8.260851 0.055398
131132 1.040943 0.018534 4.758083 0.218464
138292 1.021123 0.015034 5.431859 0.181376
141065 0.999896 0.000136 6.490670 0.000524
141067 1.001438 0.001407 6.455389 -0.000521
100081 1.150565 0.061434 -2.065098 0.822855
100080 1.126289 0.058947 -4.860011 0.693142
100082 1.097020 0.030484 -0.003436 0.378479
128674 1.032990 0.018845 5.507866 0.248001
140355 1.239108 0.112177 -6.236383 1.488841
140354 1.240682 0.113323 -6.443097 1.503334
140351 1.081428 0.040660 3.512718 0.549049
140352 1.081398 0.040640 3.512998 0.548788
134808 1.035598 0.020016 5.548860 0.262558
134809 1.037390 0.021080 5.483904 0.276473
118893 0.976690 0.024425 7.761820 0.076529
118892 0.968677 0.024992 8.246971 0.058491
118891 0.968401 0.024989 8.273968 0.058159
139985 1.036001 0.017922 5.584557 0.238817
139986 1.045243 0.023429 5.309336 0.311467
139987 1.045245 0.023430 5.309679 0.311482
131338 1.172644 0.072701 -2.677687 0.972834
112635 0.999765 0.000357 6.460361 -0.000289
112636 1.033401 0.019548 5.434567 0.256292
131336 1.171959 0.072069 -2.486118 0.964156
115505 1.033115 0.018658 5.457196 0.250766
136546 1.034376 0.019682 5.839402 0.255476
129869 1.030397 0.017786 5.540221 0.232983
118701 1.034994 0.019367 5.441241 0.256028
118700 1.000168 0.000387 6.469361 -0.000116
140102 1.190312 0.077018 -4.096169 1.019854
140107 1.113404 0.051291 -5.803239 0.296814
120271 1.000000 0.000000 6.470000 0.000000
120272 1.028513 0.016697 5.578915 0.218688
120273 1.000000 0.000000 6.470000 0.000000
133410 1.123067 0.050196 2.668716 0.682914
133411 1.126214 0.051815 2.548781 0.705437
133412 1.126153 0.051783 2.553524 0.704990
101754 1.000011 0.000046 6.470000 0.000000
101752 0.999592 0.000342 6.469880 -0.000168
103048 1.034120 0.018861 5.464415 0.249385
103049 1.034120 0.018862 5.463995 0.249390
129658 1.033369 0.018940 5.468580 0.249129
100621 1.005160 0.002737 6.325365 0.035927
135324 1.037379 0.021125 5.512414 0.276796
115995 0.996935 0.001572 6.594486 0.001443
115991 1.034903 0.019423 5.438621 0.254227
115993 0.999370 0.000358 6.487338 -0.000008
115992 1.000000 0.000000 6.470000 0.000000
100538 1.029788 0.017375 5.551719 0.227989
100537 1.000386 0.000269 6.467962 -0.000092
100247 1.033376 0.019481 5.456084 0.255426
100244 1.033379 0.019483 5.455701 0.255442
135326 1.037382 0.021125 5.511416 0.276791
130946 1.033279 0.019474 5.431311 0.255348
135327 1.035591 0.020061 5.576779 0.262881
120489 1.138268 0.057769 2.200241 0.785331
120483 1.122412 0.050668 2.675996 0.689964
120482 1.028763 0.016399 5.626284 0.216205
120481 1.004507 0.004483 6.338778 0.052691
120484 1.122452 0.050669 3.233613 0.689892
140597 1.045227 0.026009 3.463903 0.247685
140596 1.045237 0.026010 3.463143 0.247696
140595 1.041863 0.024053 3.727277 0.229234
135063 1.037427 0.021258 5.504162 0.278259
135062 1.035639 0.020194 5.568101 0.264344
113032 1.070464 0.055925 5.489328 0.723128
133108 1.174425 0.077878 0.845326 1.023472
133109 1.174422 0.077878 0.845812 1.023476
133106 1.174145 0.077709 0.854992 1.021277
112341 1.005655 0.004655 6.628266 0.006623
112340 1.005838 0.004709 6.629894 0.006968
119094 1.000425 0.000339 6.467307 -0.000188
119095 1.180198 0.071167 -2.243383 0.958674
119096 1.180199 0.071166 -2.243657 0.958662
119090 1.001644 0.001598 6.480735 -0.000398
119091 1.032740 0.019098 5.452380 0.250557
119092 1.032868 0.019186 5.450896 0.251708
119093 1.000000 0.000000 6.470000 0.000000
111645 1.003192 0.001756 6.472876 0.011628
111644 1.001575 0.000919 6.436804 0.010982
111647 1.001545 0.000875 6.456363 0.011537
111646 1.032275 0.019119 5.452630 0.250193
129846 1.032144 0.018172 5.506080 0.239258
129847 1.032054 0.018108 5.500690 0.238377
129848 1.032737 0.018508 5.485402 0.243684
130284 1.032066 0.017686 5.503960 0.233594
130281 1.032055 0.017673 5.502780 0.233430
130283 1.032591 0.017999 5.485706 0.237681
140168 1.033833 0.018605 5.492554 0.244806
140169 1.042598 0.023851 5.217357 0.313847
120299 1.033684 0.019593 5.430401 0.257053
118910 1.031616 0.018588 5.481279 0.243537
140120 1.276025 0.118747 -2.425909 1.583346
104772 1.200850 0.084932 -3.980839 1.144855
134624 1.036937 0.020742 5.424643 0.272335
134625 1.035156 0.019678 5.487714 0.258431
133855 1.034261 0.019164 5.415340 0.251501
107693 1.033794 0.019350 2.280613 -0.037038
133394 1.028043 0.015542 5.641693 0.205528
118056 1.000000 0.000000 6.470000 0.000000
118058 1.026436 0.015467 5.602824 0.202434
101398 1.000000 0.000000 6.470000 0.000000
101399 1.028492 0.016685 5.579960 0.218538
101397 1.000000 0.000000 6.470000 0.000000
101394 1.027001 0.015776 5.628641 0.206697
101393 1.027000 0.015776 5.628671 0.206692
136359 1.055780 0.027466 4.538875 0.367007
132919 1.046411 0.022392 4.920264 0.291913
134770 1.037424 0.021109 5.473349 0.276836
115328 1.000000 0.000000 6.470000 0.000000
119511 1.033715 0.019782 5.416949 0.259284
119513 1.000000 0.000000 6.470000 0.000000
119512 1.000423 0.000350 6.460686 -0.000158
102443 1.000000 0.000000 6.470000 0.000000
102442 1.000403 0.000281 6.467979 -0.000091
102441 1.031073 0.018139 5.510011 0.237979
135786 1.036854 0.020900 5.651349 0.273193
135787 1.035066 0.019839 5.715123 0.259292
135065 1.037426 0.021259 5.504380 0.278269
131339 1.119259 0.070473 1.290805 0.175195
135710 1.036604 0.020846 5.663649 0.272193
119689 1.026107 0.014156 5.779227 0.186470
119688 1.000000 0.000000 6.470000 0.000000
119687 1.003628 0.001758 6.480282 0.010753
119686 1.033435 0.019426 5.443129 0.254882
119748 0.999586 0.000388 6.485172 -0.000108
104773 1.140172 0.050442 -1.920286 0.659542
140089 1.186201 0.095641 -4.046080 0.730737
140088 1.030149 0.018982 2.715934 -0.035373
140085 1.251449 0.107546 -6.456664 1.440951
140084 1.178803 0.078564 0.221038 1.071492
140087 1.286234 0.117627 -0.821910 1.589110
140086 1.000000 0.000000 6.470000 0.000000
120558 1.000000 0.000000 6.470000 0.000000
101847 1.033049 0.019215 5.449843 0.252063
138297 1.000000 0.000000 6.470000 0.000000
141066 1.022983 0.012724 4.309240 0.101499
138294 1.009587 0.004873 6.828877 0.032216
138299 1.033277 0.019476 5.436997 0.255388
138298 1.003631 0.001862 6.496649 0.014370
125259 1.030318 0.017860 5.522540 0.233915
139526 1.053193 0.027109 4.868372 0.360024
103140 1.000303 0.000311 6.472858 0.000127
100724 1.030000 0.017433 5.552080 0.228784
100725 0.997656 0.001416 6.546712 0.000991
100723 1.029999 0.017433 5.552075 0.228780
135566 1.035690 0.020172 5.709653 0.263559
135564 1.037471 0.021233 5.646518 0.277472
135565 1.037471 0.021232 5.646974 0.277452
135563 1.035690 0.020172 5.709653 0.263559
134611 1.050089 0.025049 4.696337 0.334765
134961 1.137654 0.056172 2.098278 0.763025
134960 1.141882 0.058562 2.016982 0.796000
134614 1.055514 0.028242 4.522214 0.376727
131133 1.040752 0.018423 4.767937 0.217160
131134 1.040748 0.018423 4.768019 0.217159
112445 1.000000 0.000000 6.470000 0.000000
112119 1.015806 0.019529 6.373165 -0.008618
120391 1.001546 0.001602 6.460241 -0.001142
120390 0.999422 0.000365 6.485720 0.000002
128933 1.031311 0.017953 5.489949 0.235578
128931 1.031819 0.018311 5.480724 0.240229
135171 1.028701 0.016431 5.639761 0.216624
135170 1.000182 0.053775 12.873881 -0.241521
135173 0.884406 0.044354 11.273898 -0.280962
135172 1.028703 0.016432 5.638827 0.216634
135174 1.026690 0.016180 5.772731 0.212630
140764 1.032913 0.017399 4.604580 0.151644
140763 1.031864 0.016794 4.701996 0.146260
101860 1.025153 0.014633 5.279207 0.172724
101861 0.999653 0.000356 6.521831 -0.000081
138279 1.001717 0.001069 6.500930 -0.001885
138278 1.000151 0.000190 6.475425 -0.000450
129710 1.032231 0.018199 5.488244 0.239533
136545 1.034377 0.019682 5.839209 0.255473
136547 1.036144 0.020728 5.781836 0.269219
119161 1.002600 0.001638 6.524634 0.002349
119162 0.999585 0.000396 6.488094 -0.000118
119164 1.033944 0.019880 5.416518 0.260611
120187 0.999583 0.009376 5.818557 -0.033479
120188 1.000012 0.000051 6.470000 0.000000
120189 1.002232 0.001560 6.467786 0.000653
134690 1.034173 0.019212 5.519945 0.252262
130323 1.031879 0.017632 5.515734 0.232819
128954 1.033757 0.019577 5.426649 0.256894
100620 1.000000 0.000000 6.470000 0.000000
139788 1.034366 0.019819 5.938408 0.256658
139789 1.034366 0.019820 5.938530 0.256664
136433 1.034029 0.019365 5.819015 0.251374
136432 1.035809 0.020420 5.757306 0.265250
139227 1.036391 0.020858 5.795716 0.271069
136569 1.072729 0.033012 3.012174 0.427120
136568 1.053297 0.029633 2.740288 0.336381
136567 1.094736 0.045177 2.929380 0.602157
136566 1.062021 0.023202 4.691353 0.301150
136565 1.058072 0.020533 3.872844 0.264835
136564 1.041583 0.024613 3.006942 0.247463
136563 1.087252 0.040389 3.213816 0.538844
119109 1.000000 0.000000 6.470000 0.000000
126211 1.031477 0.018385 5.520459 0.240976
103819 1.213631 0.092683 -5.596840 1.240684
133395 1.028691 0.016426 5.638971 0.216550
119571 1.038420 0.019358 5.076013 0.256554
105080 1.000000 0.000000 6.470000 0.000000
119249 1.066890 0.051510 5.533996 0.627149
118220 1.029466 0.016590 5.534121 0.214950
118221 1.029461 0.016590 5.534936 0.214953
125337 0.999621 0.000351 6.463924 -0.000059
119370 0.999417 0.000364 6.489129 0.000020
115132 1.022981 0.017588 3.141470 -0.050345
140067 1.032314 0.025294 6.359831 0.322030
140065 1.041559 0.030782 6.093576 0.395007
100845 1.029908 0.016635 5.587631 0.219661
100849 1.000021 0.000063 6.470335 0.000015
100848 1.000193 0.000334 6.464707 -0.000009
120537 1.034903 0.019835 5.440163 0.256242
120536 1.000696 0.001827 6.461333 -0.008528
120535 1.004860 0.006145 5.777309 0.052322
120534 1.000000 0.000001 6.469966 -0.000002
139240 1.030801 0.018125 5.503036 0.237381
139533 1.049194 0.024755 4.992207 0.329011
133284 1.050342 0.023975 4.857665 0.321428
133281 1.050342 0.023975 4.857651 0.321428
133283 1.050640 0.024174 4.820334 0.323986
133282 1.050640 0.024174 4.820334 0.323986
103781 1.001657 0.003146 6.419123 0.031441
119124 1.000022 0.000070 6.470384 0.000017
119125 1.034991 0.019384 5.434686 0.255842
119123 0.999988 0.000375 6.462531 -0.000278
130489 1.002564 0.001614 6.485087 0.001543
130486 1.000019 0.000014 6.470304 0.000107
130487 1.000022 0.000381 6.463155 -0.000267
112457 1.032952 0.019322 5.437779 0.253260
130021 1.040641 0.015771 4.999663 0.211446
140238 1.194295 0.087547 -2.176355 1.185857
140239 1.194306 0.087550 -2.176871 1.185896
135508 1.260277 0.141106 -6.708819 1.854606
135509 1.269033 0.146729 -7.037453 1.927660
130459 1.032454 0.018905 5.452368 0.248000
134671 1.037517 0.021026 5.424063 0.276150
134670 1.037547 0.020999 5.424896 0.275884
140349 1.054499 0.026078 4.067296 0.347747
118862 1.003157 0.001770 6.420643 0.022712
118860 1.031879 0.018328 6.358877 0.241021
118861 1.001560 0.000883 6.456084 0.011643
102007 0.997728 0.001399 6.546346 0.000874
115402 0.999605 0.000348 6.484277 -0.000067
115401 1.000000 0.000000 6.470000 0.000000
115400 1.001629 0.001530 6.473033 -0.000570
129924 1.029158 0.017109 5.319207 0.212678
140003 1.031452 0.018294 5.522532 0.240030
140005 1.000000 0.000000 6.470000 0.000000
140004 1.000000 0.000000 6.470000 0.000000
140006 1.031456 0.018293 5.521833 0.240011
136548 1.036159 0.020738 5.776655 0.269357
139434 1.033538 0.018873 5.441773 0.253717
139433 1.033538 0.018873 5.441772 0.253717
100641 1.032898 0.019100 5.467840 0.250658
140913 1.031157 0.014748 3.791137 0.125063
125129 1.033449 0.019545 5.417301 0.256285
140068 1.041560 0.030783 6.093995 0.395025
122786 1.034507 0.019611 5.450818 0.253333
109349 1.000000 0.000000 6.470000 0.000000
119163 1.000000 0.000000 6.470000 0.000000
114297 1.000000 0.000000 6.470000 0.000000
130600 1.031037 0.017418 5.559131 0.229671
130601 1.032562 0.018144 5.532341 0.239579
130602 1.031036 0.017416 5.559578 0.229655
130603 1.026654 0.015221 5.696690 0.200712
130604 1.028706 0.016432 5.638571 0.216630
103344 1.032008 0.017684 5.533129 0.233649
139603 1.030458 0.017529 5.485186 0.230486
139602 1.031022 0.018112 5.505627 0.237585
139605 0.993042 0.014056 7.787432 0.146304
139604 0.995894 0.014860 8.101152 0.166974
139971 1.133659 0.055204 -0.698538 0.740474
139970 1.106671 0.034808 0.474653 0.416550
139972 1.117174 0.040046 0.122021 0.504324
127339 1.029797 0.017259 5.606558 0.226840
127337 1.031096 0.017788 5.565536 0.234154
140029 1.160038 0.078892 -3.780131 0.988309
140024 1.033389 0.019397 5.445292 0.254506
100623 1.003574 0.001732 6.479484 0.010587
100622 1.003380 0.001537 6.413330 0.017415
119414 1.000000 0.000000 6.470000 0.000000
119415 1.033448 0.019544 5.417361 0.256278
119416 0.997956 0.002127 6.435850 -0.020932
113102 1.000108 0.000062 6.470740 0.000680
113103 1.003312 0.002330 6.221343 0.027672
113104 1.001460 0.001547 6.473353 -0.000733
133717 1.052411 0.025922 4.674550 0.346457
133716 1.052415 0.025922 4.674571 0.346458
133715 1.052149 0.025765 4.683042 0.344390
133718 1.052146 0.025765 4.682832 0.344388
100218 1.133957 0.055341 2.281850 0.751880
119250 1.170004 0.068549 0.101411 0.921252
133973 1.033190 0.019266 5.448846 0.252809
133195 1.032519 0.018427 5.448017 0.236992
130445 1.035613 0.020854 5.532342 0.272139
130442 1.032925 0.018114 5.528197 0.239503
118618 1.000024 0.000074 6.470392 0.000018
101748 1.000011 0.000046 6.470000 0.000000
118611 1.000224 0.000390 6.464578 -0.000010
118610 1.034998 0.019495 5.431252 0.257339
118612 1.005895 0.004808 6.651567 0.007591
140761 1.032913 0.017399 4.604555 0.151643
135902 1.035742 0.019997 5.763871 0.260431
135903 1.035743 0.019998 5.764046 0.260439
135904 1.037529 0.021050 5.702199 0.274282
135905 1.037530 0.021056 5.700859 0.274341
136434 1.034029 0.019365 5.818979 0.251372
129443 1.032760 0.018682 5.495127 0.245677
133198 1.034227 0.019441 5.381287 0.249937
129444 1.032064 0.018264 5.507534 0.240129
135325 1.035592 0.020062 5.576077 0.262890
118449 1.001489 0.001575 6.477271 -0.000689
119790 1.033262 0.019507 5.427699 0.255675
100357 1.007597 0.004670 6.733999 0.012576
100359 1.000011 0.000046 6.470000 0.000000
133197 1.032519 0.018427 5.447979 0.236990
133196 1.034224 0.019443 5.380892 0.249957
134195 1.049736 0.025091 4.573193 0.333657
120196 1.007655 0.004705 6.739210 0.012831
114251 1.001358 0.001373 6.455277 -0.000976
114252 1.005059 0.004119 6.625429 0.006487
140733 1.028691 0.017067 5.018068 0.158487
134672 1.035754 0.019935 5.489725 0.261977