130465 1000.775605 0.372840 6.469099 -0.000038
131597 12.494276 0.205319 0.680468 0.000301
131596 12.606447 0.217410 0.383710 0.000318
131595 12.494276 0.205319 0.680468 0.000301
131594 12.606445 0.217408 0.383710 0.000318
135606 1142.886854 21.660041 0.478745 0.034741
119861 2606.082070 49.079098 1.494331 0.078740
140353 12.652490 1.155504 -39.879705 0.001874
134612 11.504783 0.274443 -2.751483 0.000448
103395 10.955963 0.016626 6.032758 0.000023
103396 10.539212 0.018197 6.244625 0.000014
103392 10.095300 0.000000 6.470000 0.000000
103393 33.879222 0.457983 1.743267 0.000738
139988 10.468383 0.181096 0.271477 0.000295
111549 49.387229 2.226468 -15.963087 0.003672
131476 31.056453 1.387249 -12.479353 0.002307
131477 31.801796 1.462799 -13.106127 0.002435
118328 12.424437 0.230260 -0.128079 0.000369
139582 1.070296 0.020503 -0.317788 0.000032
139583 1.000000 0.000000 6.470000 0.000000
139584 1.070296 0.020503 -0.317788 0.000032
139238 1000.000000 0.000000 6.470000 0.000000
139239 1000.000000 0.000000 6.470000 0.000000
139237 1083.901929 19.059103 0.895122 0.030516
139235 1088.023376 19.986866 0.615266 0.032053
119212 61.734798 4.567952 -35.943865 0.006906
119213 37.482032 2.773423 -36.002589 0.004193
119218 207.754371 16.531851 -34.239468 0.027045
119862 1001.518700 0.000000 6.470000 -0.000000
104485 1002.140430 0.652004 6.413484 0.000620
104484 1001.623200 0.000000 6.470000 0.000000
104486 2272.519012 43.088552 1.322995 0.068057
104481 51.218504 3.651863 -32.692578 0.005857
104482 24.527028 1.115672 -20.330140 0.001591
104489 1001.352415 0.324342 6.473800 0.000003
104488 2100.070604 36.033054 1.726208 0.056930
130322 12.714759 0.221198 0.223182 0.000357
120410 14.546697 0.278727 -0.352540 0.000447
120411 10.430200 0.000000 6.470000 0.000000
105280 2587.323523 47.406623 1.630107 0.076048
105281 1003.250000 0.000000 6.470000 0.000000
105282 1061.611526 0.369720 6.469779 -0.000004
105283 1012.994851 0.708796 6.470441 0.000026
134613 11.796108 0.315629 -3.857932 0.000515
119805 1003.250000 0.000000 6.470000 0.000000
119804 1013.030418 0.723238 6.470050 0.000008
115489 1322.940643 24.625641 0.761319 0.039049
119020 38.002952 1.913523 -19.089370 0.003107
139791 10.677935 0.215112 -0.143208 0.000341
130238 12.744880 0.221336 0.219959 0.000357
101044 10.012700 0.000000 6.470000 -0.000000
101048 24.942717 0.412681 0.581055 0.000662
130237 12.705896 0.216805 0.330536 0.000350
135153 11.461967 0.295124 -3.423707 0.000485
140197 515.251836 505.224066 -10104.721459 0.699649
140196 1090.211254 1069.403324 -10531.153165 1.481087
140194 634.267167 622.161513 -10545.000635 0.861672
140193 505.510050 495.499950 -9878.299384 0.683753
135156 11.461891 0.295123 -3.423798 0.000485
118307 1005.500000 0.000000 6.470000 0.000000
118306 1002.591582 1.583228 6.471621 -0.000028
118305 2002.300191 36.551019 1.249482 0.058618
118304 1433.520488 26.167934 0.878683 0.041966
135154 11.758421 0.347114 -4.846764 0.000569
118308 1000.534682 0.347990 6.471650 -0.000026
135779 11.435549 0.313805 -3.948930 0.000511
135778 11.623902 0.352545 -5.033105 0.000574
135777 11.435035 0.313791 -3.948392 0.000511
112213 1003.231640 1.587049 6.482142 -0.000132
112212 1002.629045 0.361929 6.485107 0.000001
112211 1000.875900 0.000000 6.470000 0.000000
112210 1828.115868 34.246633 1.002771 0.054933
129391 12.936822 0.235338 -0.029008 0.000378
108690 2006.167688 37.347105 1.209369 0.059223
108691 1001.848355 0.328887 6.468609 -0.000008
108692 1001.101672 0.064719 6.470046 0.000002
108693 1003.132872 1.563732 6.502233 0.000071
138305 129.865475 2.447856 -0.164330 0.003924
138304 122.288900 2.287514 -0.117292 0.003667
138306 127.320033 2.381691 -0.113263 0.003818
138301 100.587464 0.030902 6.479834 -0.000001
138300 143.889769 0.708913 6.121329 0.000604
108479 1032.372951 68.352435 -20.970722 0.114207
134194 11.422636 0.273025 -2.848876 0.000444
111971 1002.106900 0.000000 6.470000 -0.000000
130934 123.806244 2.252781 -0.099928 0.003701
109255 1001.849781 0.359900 6.487989 0.000003
109254 1896.887009 35.399635 1.078739 0.056764
100234 45.105122 0.850321 -0.203451 0.001363
100233 11.009014 0.004193 6.471812 -0.000000
101185 2991.146218 55.022130 1.852321 0.088538
101184 1098.000000 0.000000 6.470000 0.000000
119791 1012.888700 0.000000 6.470000 -0.000000
119829 1078.156465 0.385953 6.470342 -0.000007
119828 3657.890468 68.803706 2.227139 0.110380
119799 1061.617735 0.373760 6.469837 -0.000001
100051 100.281455 0.038420 6.468775 -0.000001
101987 1002.656348 1.569971 6.038504 0.000075
101986 1114.520000 0.000000 6.470000 -0.000000
101984 1114.337900 0.000000 6.470000 -0.000000
101983 1146.304292 0.839900 6.337432 -0.000002
101982 1116.814300 0.000000 6.470000 0.000000
128166 13.205157 0.256558 -0.480317 0.000412
128167 13.095819 0.244861 -0.206078 0.000393
128168 13.095930 0.244867 -0.206025 0.000393
103394 11.616230 0.031625 5.526216 0.000051
103397 34.758398 0.643736 -0.110343 0.001033
127515 13.085205 0.231123 0.149060 0.000371
127516 13.183176 0.238020 -0.007389 0.000382
120209 100.143500 0.000000 6.470000 -0.000000
118363 1243.207423 23.433295 0.632801 0.037158
118365 1009.901342 1.594059 6.502716 0.000073
118364 2011.502796 37.915527 1.144237 0.060122
118367 1007.735006 0.334940 6.468595 -0.000009
118366 1001.683596 0.065568 6.470047 0.000002
128390 12.880118 0.230129 0.123081 0.000369
139890 10.527358 0.188514 0.099156 0.000302
100842 1524.311428 0.095855 6.470062 0.000003
111915 1690.526745 42.109506 6.491868 0.015530
118695 1528.776572 0.111252 6.470071 0.000003
118696 1593.619575 2.535779 6.486586 -0.000265
118698 1013.915784 4.812258 6.506162 0.000794
136361 11.323935 0.259998 -2.492162 0.000425
136360 11.321475 0.259940 -2.493233 0.000425
100219 60.445219 2.949947 -14.357094 0.004900
119800 2594.468173 47.979681 1.588911 0.076962
112646 1001.149602 0.390326 6.490166 -0.000018
112647 1004.200455 1.614292 6.478572 0.000279
128671 12.886972 0.227177 0.218223 0.000365
139122 11.025158 0.262162 -2.471694 0.000425
133854 12.009061 0.222551 -0.179354 0.000357
133856 12.106301 0.236354 -0.550960 0.000379
134317 11.963253 0.236683 -0.607249 0.000380
118345 1770.221073 33.399787 0.958051 0.053431
139258 45.267540 0.863778 -0.288797 0.001385
139259 41.443700 0.000000 6.470000 -0.000000
139257 45.267531 0.863778 -0.288797 0.001385
120900 14.500319 0.267897 -0.128052 0.000431
120901 14.500309 0.267913 -0.128765 0.000431
118507 10.010230 0.000102 6.465007 0.000000
118508 25.845758 0.470044 -0.017852 0.000753
136431 11.273443 0.222056 -0.132706 0.000353
126210 13.154007 0.235062 0.146489 0.000377
100896 1006.996770 0.382554 6.468580 -0.000029
100897 1025.610159 1.581196 6.350388 -0.000055
100895 1000.889300 0.000000 6.470000 0.000000
100898 1604.714513 30.193742 0.831937 0.048403
130026 12.811015 0.234413 -0.070323 0.000377
140347 12.396606 0.490216 -9.430119 0.000808
140348 11.410454 0.312058 -4.646566 0.000510
139585 1.000000 0.000000 6.470000 0.000000
115399 1001.735965 0.776084 6.483709 -0.000091
115398 1645.078721 29.709912 1.083780 0.047636
118715 1467.384031 27.181912 0.782001 0.043936
118716 1011.043158 4.748965 6.501011 0.000788
118717 1001.165551 0.387410 6.478381 -0.000064
118718 1000.533722 0.072275 6.470046 0.000002
118719 2495.457321 46.226743 1.467557 0.074719
119570 100.282154 0.038892 6.468776 -0.000001
120794 1029.402985 4.671932 8.124739 -0.004325
120793 1015.029776 0.368875 6.465989 -0.000036
120249 3003.132304 56.449527 1.754354 0.090828
120248 1098.000000 0.000000 6.470000 0.000000
102672 2596.376408 48.443249 1.539379 0.077701
139794 10.711389 0.290495 -4.066439 0.000471
139531 10.799116 0.277972 -3.140864 0.000451
115994 1001.788568 1.073442 6.713391 -0.000629
119219 49.749448 3.802495 -20.824994 0.006121
134320 12.055780 0.250491 -0.981519 0.000402
120490 63.551648 3.243956 -15.403314 0.005391
101892 1004.161855 1.580502 6.472180 -0.000178
118066 1029.613896 2.312401 6.998566 -0.002966
118065 1000.408347 0.284298 6.465682 0.000005
134811 11.822070 0.228495 -0.291462 0.000366
134810 11.904994 0.241933 -0.666768 0.000388
129120 12.904163 0.219197 0.332741 0.000353
128323 13.096119 0.244803 -0.199760 0.000393
129871 12.687945 0.212707 0.549319 0.000340
103225 25.842243 0.471963 -0.110196 0.000766
103226 13.680629 0.007561 6.691558 -0.000012
103227 13.552252 0.010774 6.503916 0.000001
103228 15.144430 0.023911 6.397932 0.000002
140117 12.586154 1.129817 -35.885791 0.001840
135155 11.758422 0.347115 -4.846764 0.000569
139562 1066.962497 19.444099 0.579029 0.031160
139563 1066.420650 20.021248 0.530206 0.031897
139560 1065.670020 19.098775 0.698043 0.030482
139561 1068.650312 20.854729 0.294600 0.033414
139566 10.794360 0.206025 0.184695 0.000327
139567 10.830218 0.217387 -0.186624 0.000345
139564 10.794361 0.206026 0.184695 0.000327
139565 10.830209 0.217378 -0.186624 0.000345
120262 2847.386582 43.907238 2.569493 0.070328
120266 1043.372100 0.000000 6.470000 -0.000000
120265 1027.437300 0.000000 6.470000 0.000000
139386 1818.334583 34.288941 0.971822 0.054961
139387 1080.113959 20.707467 0.457731 0.032704
139389 1080.112552 20.707871 0.457829 0.032704
140598 10.419196 0.240483 -1.376680 0.000280
112014 178.215187 3.294455 -0.096481 0.005339
130022 12.337744 0.187444 0.284729 0.000307
133403 43.562424 1.947053 -12.471082 0.003239
133402 32.132072 1.477734 -13.102371 0.002460
133401 45.567412 2.096459 -13.087127 0.003490
133400 43.562424 1.947053 -12.471082 0.003239
133407 43.562424 1.947053 -12.471082 0.003239
133406 19.202736 2.528887 35.761805 -0.003556
133405 11.314973 0.323565 0.381153 0.000171
133404 30.820222 1.357851 -12.169603 0.002259
130023 12.377039 0.191853 0.171641 0.000315
133409 45.567412 2.096459 -13.087127 0.003490
133408 31.054548 1.387374 -12.479929 0.002308
103052 1004.429161 1.558449 6.486121 -0.000157
103051 1001.159357 0.379498 6.474918 -0.000042
103050 1000.533353 0.071149 6.470045 0.000002
129664 12.935911 0.226493 0.247043 0.000364
129665 12.936139 0.226612 0.244705 0.000364
129660 12.864543 0.231452 0.056352 0.000372
129661 12.924836 0.237225 -0.079482 0.000382
129663 13.072399 0.235692 0.038329 0.000379
136475 11.188990 0.209111 0.271154 0.000332
136474 11.188983 0.209105 0.270230 0.000332
136477 11.240185 0.221326 -0.103172 0.000351
136476 11.239426 0.221138 -0.100959 0.000351
131466 12.470637 0.197413 0.912593 0.000281
119089 1019.820000 0.000000 6.470000 0.000000
119088 1031.725369 0.394816 6.489198 -0.000018
140390 11.509839 0.942605 -31.581056 0.001460
140393 10.575352 0.311569 -4.054857 0.000504
140392 11.549116 0.967426 -32.529302 0.001500
113096 1762.368997 32.651499 1.052448 0.052245
136042 11.455331 0.289067 -3.186578 0.000471
136043 11.631002 0.327290 -4.266142 0.000533
136044 11.631003 0.327292 -4.266142 0.000533
136045 11.455454 0.289071 -3.186489 0.000471
140171 10.395395 0.187074 0.046200 0.000301
140170 10.496043 0.240112 -1.764999 0.000386
140173 16.054283 0.842625 -17.134951 0.001387
140172 26.936235 2.137353 -31.206840 0.003536
140175 28.199555 2.275024 -31.934765 0.003762
140174 16.780065 0.925694 -18.426884 0.001524
140177 505.959500 495.940500 -9878.285842 0.684361
140176 986.664549 967.814410 -10518.351510 1.340272
140178 509.856029 499.853199 -10085.831343 0.691409
132992 12.311348 0.201128 0.695265 0.000312
132993 12.311349 0.201129 0.695265 0.000312
139541 1010.182263 0.362307 6.471221 -0.000014
134193 11.468650 0.276273 -2.942924 0.000449
118909 1221.976870 22.018015 0.842308 0.035268
118908 1002.182811 0.337313 6.465450 -0.000023
118904 1111.282533 0.431811 6.464959 -0.000028
118907 2477.898035 40.001909 2.171612 0.064089
118906 1019.300000 0.000000 6.470000 -0.000000
118901 1000.560000 0.000000 6.470000 -0.000000
118903 1003.024115 1.566198 6.481949 -0.000054
118902 1643.629282 30.650767 0.918867 0.049093
140180 514.608691 504.602518 -10198.101928 0.698746
140181 506.408950 496.381050 -9878.272301 0.684969
140188 750.520468 736.186093 -10530.234081 1.019527
140031 11.329838 0.815062 -27.764163 0.001255
119692 25.895186 0.039896 6.027172 0.000055
119690 12.479503 0.234651 -0.226817 0.000376
119691 11.634616 0.032132 5.512103 0.000052
140066 10.403349 0.254910 -0.804570 0.000397
140094 228.181179 19.209465 -28.812035 0.031444
135102 11.694963 0.228439 -0.301819 0.000366
135104 11.770638 0.241251 -0.664825 0.000386
135105 11.694963 0.228440 -0.301819 0.000366
138284 13.120026 0.149214 2.480369 0.000241
138288 214.197651 4.005300 -0.053448 0.006421
138289 100.586799 0.030660 6.479734 -0.000001
102153 2522.206411 34.949323 2.706983 0.050444
102152 1015.369819 0.326459 6.521565 -0.000012
134769 11.835491 0.229081 -0.311163 0.000367
134768 11.835492 0.229082 -0.311163 0.000367
140391 11.549112 0.967430 -32.529302 0.001500
140395 10.533205 0.288297 -3.250466 0.000466
140394 10.535876 0.288479 -3.278400 0.000467
140396 10.658547 0.319564 -4.957450 0.000520
131276 12.739746 0.193471 1.145429 0.000274
100843 1331.419009 1.814640 6.489937 -0.000220
131274 12.620812 0.182347 1.413289 0.000258
100844 1224.305780 4.966636 6.500621 0.000832
139838 1058.082285 19.728436 0.523186 0.031649
135379 11.398288 0.288309 -3.300537 0.000472
135378 11.398196 0.288307 -3.299613 0.000472
135377 11.649130 0.334863 -4.586835 0.000548
135376 11.649185 0.334861 -4.586835 0.000548
135371 1060.629712 19.772048 0.526773 0.031717
102434 88.997806 7.645824 -39.655389 0.012314
102435 19.242540 1.312555 -26.489767 0.001919
134972 1100.165732 20.506075 0.554317 0.032894
134973 1101.088301 20.877468 0.449303 0.033485
135507 13.754520 1.540011 -47.965024 0.002475
135707 11.379342 0.217567 -0.017968 0.000347
100548 1021.562802 0.306157 6.469767 -0.000010
100546 2466.470746 46.305724 1.425005 0.074256
100547 1000.705100 0.000000 6.470000 -0.000000
100541 1512.295600 0.000000 6.470000 0.000000
131482 14.309685 0.794805 -16.174107 0.001245
131485 13.362391 1.085987 6.034888 -0.000295
120388 1000.641300 0.000000 6.470000 0.000000
120389 1833.757172 34.730483 0.944845 0.055719
132991 12.420512 0.213847 0.369895 0.000332
101635 187.257230 10.623220 -19.149554 0.017429
135506 14.099003 1.630168 -49.917614 0.002618
101636 22.405887 1.041826 -7.736548 0.001543
135167 11.877921 0.177153 1.186359 0.000286
135168 11.812903 0.175178 1.231247 0.000282
135169 11.042517 0.759879 17.124960 -0.000933
101858 3587.739321 48.821780 3.243028 0.070466
135785 11.355996 0.217628 -0.052018 0.000348
135780 11.623902 0.352545 -5.033105 0.000574
135788 11.417859 0.230288 -0.429597 0.000368
140119 12.685425 1.180527 -37.752724 0.001925
132922 11.822074 0.251412 -1.523445 0.000401
132921 11.822071 0.251415 -1.523445 0.000401
132920 11.870438 0.254007 -1.573768 0.000405
140118 12.586154 1.129817 -35.885791 0.001840
103820 28.725149 2.103224 -19.499052 0.003385
100868 3250.861112 59.178340 2.091971 0.094925
134958 26.257428 1.346486 -15.658024 0.002238
134959 25.014637 1.239408 8.565779 0.002035
134954 22.251508 2.115327 22.319098 -0.001987
134955 11.665830 1.003327 15.667293 -0.000876
134956 26.257428 1.346486 -15.658024 0.002238
134957 26.074515 1.329980 -15.444259 0.002210
129394 12.895438 0.230698 0.083006 0.000370
129392 12.937718 0.235903 -0.040163 0.000379
112458 1002.088112 0.349345 6.465313 0.000001
119301 1000.650600 0.000000 6.470000 -0.000000
119302 1003.101054 1.565822 6.483170 -0.000078
119303 1652.192607 30.504245 0.964412 0.048931
119304 1001.030946 0.356153 6.484751 -0.000010
119305 1001.763398 0.793312 6.483320 -0.000097
129972 12.822863 0.230302 0.037674 0.000371
129974 12.778347 0.224662 0.170953 0.000362
103349 1000.829101 0.068812 6.470046 0.000002
103348 1001.352206 0.367436 6.467533 -0.000031
103347 2359.490684 43.210236 1.438331 0.069709
103343 100.100132 0.005027 6.470000 0.000000
103342 100.226393 0.036894 6.472254 -0.000002
103341 100.334884 0.155000 6.453878 0.000007
103340 244.464088 4.492971 0.033382 0.007255
100838 1034.674101 0.342413 6.471721 -0.000014
100833 1222.810000 0.000000 6.470000 -0.000000
100834 1000.690591 0.382087 6.484542 0.000003
100835 3344.354402 62.018480 2.067004 0.099411
100837 3761.040387 60.280551 2.904935 0.097461
140504 1033.557129 19.207711 0.510364 0.029941
139120 11.180481 0.299612 -3.553386 0.000485
112714 1002.626870 1.445271 6.480844 -0.000148
112715 1001.013597 0.330380 6.484529 -0.000001
112712 1000.641300 0.000000 6.470000 0.000000
112713 1743.066212 29.834694 1.439839 0.047889
129708 12.914700 0.232560 0.022029 0.000374
136570 11.604254 0.443402 -8.034572 0.000723
120040 1111.291239 0.435861 6.464947 -0.000029
134623 11.864857 0.225550 -0.260781 0.000362
120772 1003.385400 0.000000 6.470000 0.000000
120777 1053.503323 0.378698 6.467044 -0.000038
119568 266.080314 4.949845 -0.078579 0.008022
119569 100.197517 0.007460 6.470005 0.000000
134626 11.951939 0.239093 -0.633943 0.000384
120197 245.067753 4.538562 -0.019062 0.007327
120191 123.507429 2.247311 -0.100161 0.003692
120190 100.252043 0.037184 6.471758 -0.000002
120198 103.488346 2.000551 6.554340 -0.000105
101408 2785.795679 51.880311 1.667881 0.083175
101409 1006.060181 0.000059 6.469981 0.000000
101402 2898.356555 47.020565 2.389156 0.075292
101400 1176.276123 19.095830 1.388732 0.030577
101401 1188.366589 19.671610 1.293772 0.031498
101407 2386.746855 44.446074 1.402649 0.071257
119784 1675.030000 0.000000 6.470000 0.000000
119833 2785.440796 46.110641 2.252037 0.073758
103780 22.192825 0.329031 1.238185 0.000530
112645 1001.290000 0.000000 6.470000 0.000000
133484 1039.843935 1.628757 6.534555 0.000140
120407 11.011582 0.004242 6.471812 -0.000000
105989 59.917875 4.371283 -35.355711 0.006591
119368 1002.648300 0.000000 6.470000 -0.000000
119369 1905.442053 36.066045 1.004155 0.057828
130024 12.490917 0.299633 -2.023827 0.000481
134687 11.821352 0.219786 -0.099282 0.000353
103637 100.508152 0.154973 6.453016 0.000008
103636 100.357157 0.082401 6.452990 0.000002
103635 100.133052 0.037772 6.471654 -0.000002
103634 100.129500 0.000000 6.470000 -0.000000
103633 228.041337 4.231933 0.003180 0.006785
130025 12.767864 0.229730 0.044449 0.000370
134316 12.115491 0.253473 -1.081602 0.000407
134319 12.056483 0.251561 -1.011575 0.000404
140382 11.057811 0.550046 -11.865881 0.000908
140383 10.693510 0.289254 -2.875573 0.000418
140381 10.949184 0.484268 -9.511096 0.000798
140386 10.385980 0.200483 -0.590807 0.000322
140387 10.309166 0.122189 2.850351 0.000188
140384 10.587986 0.245590 -0.613686 0.000312
140385 10.356563 0.183765 -0.003694 0.000296
140388 10.326709 0.147820 1.972088 0.000239
140389 11.509839 0.942604 -31.581056 0.001460
100852 1528.776119 0.109874 6.470070 0.000003
100853 1531.163310 0.585301 6.471483 -0.000022
100851 4025.341990 74.399596 2.502345 0.120249
100855 1590.253856 2.499693 6.486325 -0.000260
131483 13.454528 1.131558 6.536098 -0.000336
139226 11.147753 0.224488 -0.236260 0.000357
134688 11.906555 0.233590 -0.483910 0.000375
139790 10.677933 0.215110 -0.142238 0.000341
139793 10.711695 0.290500 -4.066126 0.000471
139792 10.646340 0.266532 -3.271427 0.000433
139795 10.648272 0.266581 -3.271668 0.000433
101894 1012.648399 0.389845 6.487153 -0.000013
101893 2707.545063 50.545328 1.614466 0.081020
131484 14.448677 0.814433 -16.592265 0.001279
120836 13.768363 0.005572 6.627191 -0.000008
120837 25.960379 0.473841 -0.117823 0.000769
120838 15.249277 0.024138 6.345915 0.000006
120839 13.742944 0.039961 5.574875 0.000058
117608 16.379288 0.437025 -5.279632 0.000723
119110 2543.333608 42.393438 2.060853 0.067868
126209 13.242143 0.241421 0.003900 0.000387
133387 1079.850559 16.610037 2.618642 0.024705
140241 38.261320 2.856886 -29.149872 0.004730
140240 28.609174 2.136431 -29.181335 0.003537
134669 11.847057 0.228024 -0.337657 0.000366
102010 1019.445700 0.000000 6.470000 -0.000000
102011 1028.045847 1.611842 6.532813 0.000127
102012 2700.930758 50.357367 1.618005 0.080786
102013 1053.498742 0.376397 6.467038 -0.000039
106842 1011.620000 0.000000 6.470000 0.000000
139225 11.099755 0.212435 0.136400 0.000337
140012 10.508047 0.201315 0.090838 0.000320
140013 10.482058 0.190471 0.461848 0.000302
140011 10.508049 0.201320 0.090838 0.000320
140014 10.482057 0.190470 0.461847 0.000302
139403 10.978237 0.217243 -0.126040 0.000345
139405 10.937930 0.205641 0.245281 0.000326
139404 10.937944 0.205640 0.245281 0.000326
139406 10.978160 0.217230 -0.126103 0.000345
100874 1031.715438 0.388790 6.488789 -0.000018
100875 1019.820000 0.000000 6.470000 0.000000
100876 1029.092079 1.616365 6.488202 -0.000050
100877 1225.980000 0.000000 6.470000 0.000000
100873 3312.032653 61.248292 2.059427 0.098240
128321 13.209495 0.256960 -0.484773 0.000412
109353 1998.488827 36.325690 1.270719 0.058260
109350 1000.532425 0.346525 6.471666 -0.000027
109351 1002.580191 1.576239 6.471611 -0.000029
119283 1329.936860 23.109574 1.073270 0.036974
119282 1055.542579 1.805825 6.153380 0.001590
119285 1001.858456 0.327593 6.465690 0.000006
119284 1023.300000 0.000000 6.470000 -0.000000
111704 1893.172623 35.256739 1.074247 0.056524
111707 1001.119100 0.000000 6.470000 -0.000000
111703 968.832142 24.907439 7.206342 0.006755
119137 1001.048891 0.364330 6.487737 -0.000001
119136 1001.060000 0.000000 6.470000 0.000000
119135 1618.277947 30.846019 0.766945 0.049359
119139 1032.091316 1.650955 6.567818 0.000190
119138 1001.465538 0.818721 6.369624 0.000012
104308 105.256761 0.981684 6.562583 -0.000431
140736 10.312437 0.177305 1.264883 0.000201
140734 10.300862 0.170853 1.494094 0.000194
102009 2552.038418 42.632820 2.062152 0.068411
102008 1176.371919 1.974463 6.792528 -0.001500
140228 25.940449 2.547459 -45.023653 0.004055
140225 24.895587 2.409534 -44.185932 0.003836
140227 24.921603 2.376466 -34.437190 0.003799
140226 22.908231 2.144328 -32.603750 0.003427
140032 11.329838 0.815062 -27.764163 0.001255
120280 2902.973196 47.395762 2.365976 0.075896
120304 2707.968481 50.828502 1.591982 0.081533
119424 3049.785875 57.263133 1.811719 0.091861
119421 1114.520000 0.000000 6.470000 -0.000000
119423 1002.683749 1.587674 6.034786 0.000067
119422 1001.217400 0.359853 6.523772 -0.000012
135708 11.442779 0.230145 -0.392191 0.000367
134196 11.468688 0.276271 -2.942924 0.000449
104240 968.679392 24.750092 7.323733 0.006073
118609 1005.822634 1.608940 6.475723 -0.000125
101206 2766.055173 44.855007 2.326813 0.071743
101755 100.367530 0.144142 6.455834 0.000005
101750 379.339170 6.483307 0.578302 0.010476
101751 389.059060 6.649483 0.584257 0.010744
111705 1000.697465 0.385588 6.478397 -0.000023
140762 10.335187 0.168207 1.446034 0.000179
131337 14.129405 0.889683 -2.523739 0.000267
101972 100.015000 0.000000 6.470000 0.000000
101973 100.020000 0.000000 6.470000 0.000000
101970 103.829774 0.035731 6.464362 -0.000002
101971 270.924226 5.105024 -0.068209 0.008181
101976 219.846592 4.142308 -0.102189 0.006639
101974 100.157818 0.034463 6.464359 -0.000002
105279 1024.318769 0.721373 6.470304 0.000020
105278 1060.902386 0.369765 6.469790 -0.000003
105275 1003.250000 0.000000 6.470000 0.000000
105274 2611.652747 47.864929 1.644845 0.076783
133397 22.747321 0.370184 0.662933 0.000598
133396 22.451325 0.339538 1.073964 0.000549
118859 1744.572570 32.690306 0.964564 0.052287
133399 22.451325 0.339538 1.073964 0.000549
133398 22.753822 0.370267 0.663238 0.000598
134771 11.919261 0.242578 -0.687197 0.000389
128388 13.085338 0.242203 -0.144665 0.000389
119076 35.484984 2.677359 -33.645608 0.004385
119077 74.458669 4.040250 -21.092983 0.005853
119070 41.176815 3.031040 -33.931342 0.004872
119071 52.850359 3.890411 -33.902579 0.006254
105875 34.509714 2.535363 -32.638916 0.004151
131131 12.313550 0.219237 -0.100697 0.000316
100618 32.483012 0.601958 -0.114651 0.000966
100619 12.092474 0.067977 5.019064 0.000090
135721 1124.487475 20.965426 0.567681 0.033634
134689 11.906433 0.233015 -0.464966 0.000374
140414 23.256330 0.044418 5.731552 0.000040
140413 23.738731 0.049025 5.657528 0.000044
140735 10.312417 0.177281 1.265881 0.000201
119248 32.785266 2.870722 -40.719899 0.004627
119247 91.108484 7.977536 -40.537224 0.012857
119241 31.531698 2.340643 -31.144923 0.003857
119242 44.169044 3.278692 -31.108117 0.005402
101221 252.789542 4.417959 0.402707 0.007087
103736 10.005294 0.000905 6.459020 0.000001
103734 22.882694 0.388979 0.467749 0.000620
103735 10.029003 0.014256 6.471983 -0.000001
103884 1078.144364 0.378193 6.470362 -0.000006
103885 110.959920 2.039825 -0.102100 0.003307
140356 12.407976 1.123486 -39.369749 0.001823
140350 12.395142 0.490762 -9.449928 0.000809
128165 13.205729 0.256500 -0.476854 0.000412
125342 1000.072157 0.030771 6.465298 0.000034
125345 1307.040652 22.845006 1.074020 0.036580
125349 1000.044632 0.015930 6.468053 0.000012
102701 10.095300 0.000000 6.470000 0.000000
102703 33.895888 0.628141 -0.113535 0.001008
118451 1003.206303 0.301859 6.470155 0.000007
118450 1002.276186 0.137068 6.442387 0.000183
119467 1000.636700 0.000000 6.470000 -0.000000
119466 1025.663264 1.598529 6.349016 -0.000057
119469 1007.516957 0.388352 6.468602 -0.000029
119468 1610.516177 30.628043 0.772897 0.049098
101549 14.442668 0.272282 -0.223817 0.000436
140437 1000.000000 0.000000 6.470000 0.000000
130476 1002.864901 1.593551 6.453933 0.000171
130474 1000.778653 0.374978 6.469198 -0.000041
130473 1000.490000 0.000000 6.470000 0.000000
130472 2531.139723 46.646741 1.542371 0.074821
130471 1002.810242 1.571830 6.455634 0.000172
130479 2540.038265 47.707410 1.464857 0.076442
101714 1001.515700 0.000000 6.470000 0.000000
104492 1005.551575 1.570339 6.469302 0.000087
135103 11.772347 0.240949 -0.647527 0.000386
127811 13.186670 0.242770 -0.115213 0.000390
127810 13.186361 0.242769 -0.116152 0.000390
127813 13.121531 0.237040 0.016100 0.000381
131469 12.586495 0.209500 0.615636 0.000298
131468 12.586496 0.209555 0.608989 0.000298
131467 12.470638 0.197414 0.912594 0.000281
111550 49.387028 2.226738 -15.963077 0.003673
140182 1084.799406 1064.080665 -10520.224217 1.473620
140183 507.922199 497.864922 -9877.122726 0.686960
140185 514.362333 504.177048 -9878.515388 0.695693
120898 14.168915 0.240262 0.438865 0.000387
120899 14.168903 0.240258 0.439592 0.000387
113153 36.382395 2.654261 -35.418031 0.004002
139228 11.099702 0.212435 0.136400 0.000337
122235 1000.906131 0.351766 6.463088 0.000003
138285 100.304000 0.000000 6.470000 0.000000
138286 146.434837 2.738188 -0.098717 0.004390
138287 105.703058 0.297821 5.697604 0.000419
138280 10.301000 0.000000 6.470000 -0.000000
138281 24.852438 0.282648 2.485491 0.000456
138282 23.568125 0.268040 2.485084 0.000432
138283 10.051600 0.000000 6.470000 0.000000
119832 1031.676187 0.326885 6.470583 0.000016
119831 1009.910000 0.000000 6.470000 0.000000
120406 45.266203 0.863262 -0.284463 0.001384
120408 25.699127 0.490515 -0.308045 0.000786
119764 1222.810000 0.000000 6.470000 -0.000000
101993 3432.806749 61.785830 2.264290 0.099113
101994 1063.640000 0.000000 6.470000 0.000000
101995 1063.291942 0.349616 6.470964 -0.000024
101996 2536.604050 41.926911 2.095806 0.067123
101997 1042.660000 0.000000 6.470000 -0.000000
134313 12.114675 0.252264 -1.044628 0.000405
134314 12.021147 0.238393 -0.671229 0.000383
134315 12.021135 0.238379 -0.670367 0.000383
134318 11.963254 0.236684 -0.607249 0.000380
133331 12.212161 0.227743 -0.221208 0.000367
133330 12.212160 0.227742 -0.221208 0.000367
133333 12.320767 0.243158 -0.635052 0.000391
133332 12.320012 0.242347 -0.603766 0.000390
112077 1847.089570 34.428246 1.051743 0.055227
112076 1003.385400 0.000000 6.470000 0.000000
134763 1038.022670 19.345336 0.512802 0.031032
119019 141.832605 8.044895 -21.638848 0.013187
131401 12.663767 0.200945 0.905091 0.000281
131400 12.546484 0.189275 1.189598 0.000265
131403 12.663672 0.200941 0.905046 0.000281
131402 12.546484 0.189275 1.189598 0.000265
140030 11.217611 0.762833 -25.768712 0.001168
104241 1984.001776 49.096115 6.677063 0.016704
120216 116.455073 2.194838 -0.177495 0.003519
120212 100.479544 0.038491 6.471350 -0.000002
120213 100.660179 0.157664 6.452650 0.000008
120210 100.745819 0.084014 6.452464 0.000002
120211 228.752506 4.311232 -0.101796 0.006911
118578 1001.842200 0.000000 6.470000 -0.000000
118579 1021.831842 0.309108 6.469769 -0.000010
118577 2473.095397 46.866691 1.380363 0.075154
100221 42.441280 1.858680 -11.995782 0.003092
100220 11.870818 0.519895 -12.046118 0.000865
119766 3351.734903 62.639252 2.035869 0.100404
119765 1005.803344 0.387228 6.486597 -0.000013
100048 108.128876 0.041426 6.468767 -0.000001
100041 108.025677 0.007933 6.470005 0.000000
100043 441.655340 8.115337 0.120733 0.013155
100042 430.376752 7.908094 0.113276 0.012819
100044 163.698056 0.012019 6.470008 0.000000
100047 265.211152 4.873030 0.004033 0.007899
100046 100.197484 0.007360 6.470005 0.000000
112901 21.109855 1.230568 -22.548073 0.002024
132994 12.420519 0.213853 0.369896 0.000332
135709 11.379347 0.217573 -0.018878 0.000347
136141 11.276512 0.212444 0.249619 0.000337
136143 11.330690 0.224608 -0.122129 0.000356
136142 11.330615 0.224639 -0.122129 0.000356
136144 11.276487 0.212413 0.250535 0.000337
130599 12.891374 0.226982 0.195921 0.000366
101078 10.430200 0.000000 6.470000 0.000000
139260 41.443700 0.000000 6.470000 -0.000000
139889 10.527358 0.188514 0.099156 0.000302
135064 11.728818 0.228704 -0.312014 0.000366
133107 12.961032 0.857808 -21.863146 0.001378
132858 12.455054 0.205458 0.647371 0.000312
132857 12.344971 0.193141 0.960223 0.000293
132856 12.455052 0.205449 0.648197 0.000312
132855 12.344970 0.193139 0.960223 0.000293
136358 11.490466 0.298926 -3.626258 0.000488
131273 12.620793 0.182351 1.413289 0.000258
130904 44.623243 2.021419 -12.704114 0.003365
119745 1011.620000 0.000000 6.470000 0.000000
119746 2713.557792 51.049068 1.579204 0.081826
119747 1009.502192 1.600951 6.472318 -0.000181
130013 116.274685 2.157745 -0.070669 0.003459
139123 11.180487 0.299617 -3.553386 0.000485
139121 11.024405 0.262142 -2.471340 0.000425
129117 12.916042 0.227460 0.173163 0.000367
129118 12.866356 0.214697 0.443570 0.000346
129119 12.866345 0.214703 0.444371 0.000346
112039 31.670819 2.278181 -29.044938 0.003767
112038 31.670719 2.278171 -29.044938 0.003767
126163 1327.663809 25.049830 0.660497 0.040073
126164 1321.780147 24.488935 0.761439 0.039184
103491 50.281727 2.224382 -15.423498 0.003673
103490 49.857470 2.205395 -15.432135 0.003641
118720 1004.481985 1.582564 6.486293 -0.000157
120038 1647.141909 31.001386 0.867513 0.049654
120039 1010.531527 2.535264 5.740728 0.002524
120037 1000.560000 0.000000 6.470000 -0.000000
120253 1162.601150 17.858546 1.661799 0.028606
128693 13.025816 0.238877 -0.081401 0.000384
128695 12.825224 0.227556 0.170667 0.000365
139538 1070.297712 20.397599 0.391350 0.032696
139535 1000.159400 0.000000 6.470000 0.000000
139534 1000.159400 0.000000 6.470000 0.000000
139537 1068.814546 19.926068 0.532387 0.031946
139536 1003.775983 0.368238 6.470989 -0.000012
139532 10.719924 0.252933 -2.327477 0.000411
113248 969.188567 24.900845 7.177849 0.006779
131132 12.308010 0.219141 -0.101167 0.000316
138292 135.233592 1.991067 1.457121 0.002937
141065 10.004063 0.001360 6.479010 0.000001
141067 10.028796 0.014090 6.466990 -0.000001
100081 137.090948 7.319885 -20.127230 0.011987
100080 59.710198 3.125083 -20.199710 0.004493
100082 25.217198 0.700734 -8.410383 0.001064
128674 13.012784 0.237393 -0.007854 0.000382
140355 12.407186 1.123228 -39.359771 0.001823
140354 12.527170 1.144221 -39.888584 0.001856
140351 12.259501 0.460936 -8.700411 0.000761
140352 12.259809 0.460734 -8.694322 0.000761
134808 11.822072 0.228497 -0.291462 0.000366
134809 11.904982 0.241913 -0.665897 0.000388
118893 1695.400243 42.397808 6.418913 0.016241
118892 969.954841 25.024821 7.103573 0.007160
118891 969.136119 25.007593 7.136977 0.007116
139985 10.468379 0.181094 0.271477 0.000295
139986 10.605246 0.237714 -1.619992 0.000386
139987 10.605260 0.237726 -1.619992 0.000386
131338 14.863142 0.921476 -24.314021 0.001507
112635 1015.017500 0.362748 6.465991 -0.000036
112636 1814.212478 34.318763 0.950967 0.055008
131336 14.798555 0.910023 -23.929562 0.001488
115505 123.337327 2.227427 -0.047101 0.003660
136546 11.164640 0.212443 0.156171 0.000337
129869 12.795167 0.220862 0.358388 0.000354
118701 4039.876139 75.596606 2.459712 0.122178
118700 1531.173787 0.592513 6.471468 -0.000022
140102 330.357347 21.375554 -26.042634 0.034605
140107 28.297933 1.303585 -12.394240 0.000922
120271 1038.826700 0.000000 6.470000 0.000000
120272 1176.276123 19.095830 1.388732 0.030577
120273 1055.897200 0.000000 6.470000 0.000000
133410 43.562424 1.947053 -12.471082 0.003239
133411 45.567412 2.096459 -13.087127 0.003490
133412 32.131837 1.477484 -13.095372 0.002459
101754 118.515548 0.005503 6.470000 0.000000
101752 118.899039 0.040728 6.473561 -0.000002
103048 2485.599663 45.334925 1.541742 0.073283
103049 1461.691766 26.660387 0.868780 0.043096
129658 12.924248 0.236877 -0.072299 0.000381
100621 11.573816 0.031511 5.526223 0.000051
135324 11.700188 0.238259 -0.644723 0.000382
115995 1003.483969 1.582819 6.566299 0.000178
115991 1611.255800 30.239688 0.853606 0.048390
115993 1002.112243 0.359169 6.487499 -0.000001
115992 1001.145100 0.000000 6.470000 0.000000
100538 3913.641856 66.032671 2.832857 0.105930
100537 1244.803919 0.335334 6.469690 -0.000014
100247 25.936395 0.488952 -0.216076 0.000784
100244 25.529738 0.481317 -0.217098 0.000772
135326 11.700217 0.238255 -0.645610 0.000382
130946 123.018331 2.318471 -0.173776 0.003717
135327 11.626581 0.225226 -0.270871 0.000361
120489 25.598053 1.299143 -15.244931 0.002159
120483 31.313727 1.413556 -12.640548 0.002353
120482 22.706758 0.361964 0.823311 0.000583
120481 10.946319 0.048854 5.166641 0.000070
120484 44.594563 2.013056 -12.059119 0.003351
140597 10.454362 0.260140 -2.046549 0.000303
140596 10.454460 0.260151 -2.047548 0.000303
140595 10.418732 0.240528 -1.372679 0.000280
135063 11.807782 0.241958 -0.685444 0.000387
135062 11.728818 0.228704 -0.312014 0.000366
113032 14.426637 0.753704 -10.591833 0.001191
133108 13.016269 0.863131 -21.921662 0.001387
133109 13.015180 0.863062 -21.921266 0.001387
133106 12.961391 0.857834 -21.863280 0.001378
112341 1011.127759 4.679936 6.498867 0.000814
112340 1011.505655 4.736015 6.493766 0.000857
119094 1063.317219 0.360835 6.470960 -0.000024
119095 21.733347 1.310533 -23.549803 0.002158
119096 21.733363 1.310519 -23.549803 0.002158
119090 1029.135975 1.641894 6.488488 -0.000050
119091 3261.124278 60.306378 2.025850 0.096729
119092 3451.459281 64.112140 2.134673 0.102832
119093 1063.640000 0.000000 6.470000 0.000000
111645 1154.088381 2.020537 6.250288 0.001635
111644 1152.022698 1.057554 6.226588 0.001544
111647 1065.199879 0.930322 6.232786 0.001500
111646 1728.131581 32.006544 1.020215 0.051207
129846 12.825113 0.225797 0.184688 0.000363
129847 12.823482 0.224995 0.198891 0.000362
129848 12.872441 0.230697 0.065608 0.000371
130284 12.687184 0.217414 0.308455 0.000351
130281 12.687152 0.217262 0.310941 0.000351
130283 12.725956 0.221822 0.199324 0.000358
140168 10.395395 0.187074 0.046200 0.000301
140169 10.496043 0.240114 -1.764999 0.000386
120299 1855.128639 35.163783 0.960853 0.056400
118910 2595.245220 46.762750 1.724946 0.074903
140120 12.683684 1.180340 -37.652130 0.001924
104772 42.990440 3.040577 -29.370898 0.005011
134624 11.951946 0.239072 -0.633076 0.000384
134625 11.864851 0.225542 -0.260781 0.000362
133855 12.009946 0.222534 -0.178896 0.000357
107693 1313.178922 24.579965 2.977518 -0.005752
133394 22.413076 0.338836 1.075744 0.000548
118056 1023.300000 0.000000 6.470000 -0.000000
118058 1294.874254 19.511803 1.789056 0.031221
101398 1043.372100 0.000000 6.470000 -0.000000
101399 1168.584595 18.958124 1.388225 0.030357
101397 1027.437300 0.000000 6.470000 0.000000
101394 2845.012098 43.702928 2.583790 0.070004
101393 1162.601150 17.858546 1.661799 0.028606
136359 11.490472 0.298926 -3.625339 0.000488
132919 11.870070 0.254000 -1.573100 0.000405
134770 11.919271 0.242525 -0.684525 0.000389
115328 100.109800 0.000000 6.470000 -0.000000
119511 220.529246 4.220310 -0.207965 0.006763
119513 100.020000 0.000000 6.470000 0.000000
119512 100.159079 0.034991 6.464164 -0.000002
102443 1000.650500 0.000000 6.470000 0.000000
102442 1055.142975 0.296426 6.469739 -0.000012
102441 2526.494244 44.446653 1.797053 0.071292
135786 11.418255 0.230156 -0.425842 0.000368
135787 11.356119 0.217661 -0.052869 0.000348
135065 11.807778 0.241965 -0.685444 0.000387
131339 14.193995 0.893706 -2.605611 0.000272
135710 11.442764 0.230115 -0.391286 0.000367
119689 33.949373 0.468349 1.642398 0.000754
119688 10.102500 0.000000 6.470000 0.000000
119687 10.682115 0.018715 6.241064 0.000014
119686 34.871834 0.655505 -0.210961 0.001051
119748 1022.318062 0.396584 6.487279 -0.000014
104773 16.834645 0.744774 -16.585092 0.001191
140089 385.102649 31.050194 -19.677209 0.029004
140088 2642.092138 48.683976 3.256810 -0.011092
140085 271.861066 23.362874 -37.701432 0.038270
140084 983.943926 65.577156 -21.210859 0.109343
140087 2336.852457 213.706674 -28.356951 0.352971
140086 1000.000000 0.000000 6.470000 0.000000
120558 1019.445700 0.000000 6.470000 -0.000000
101847 3039.607067 56.538522 1.854885 0.090673
138297 100.304000 0.000000 6.470000 0.000000
141066 23.036246 0.286522 2.054566 0.000279
138294 141.811788 0.684430 6.123587 0.000553
138299 214.864550 4.050028 -0.107160 0.006493
138298 106.193995 0.197016 6.180690 0.000186
125259 1304.657993 22.615303 1.118704 0.036212
139526 10.801018 0.278021 -3.141124 0.000451
103140 1031.666177 0.320391 6.470377 0.000016
100724 2390.111816 40.453182 1.901680 0.064905
100725 1991.770353 2.827180 6.530018 0.000242
100723 4429.463881 74.968390 3.135313 0.120283
135566 11.443749 0.222885 -0.153199 0.000356
135564 11.510529 0.235579 -0.525799 0.000376
135565 11.510538 0.235560 -0.524898 0.000376
135563 11.443749 0.222885 -0.153199 0.000356
134611 11.504770 0.274440 -2.750570 0.000448
134961 25.262169 1.247317 -14.851988 0.002071
134960 26.257568 1.346637 -15.664106 0.002238
134614 11.796107 0.315629 -3.857932 0.000515
131133 12.291381 0.217573 -0.062334 0.000314
131134 12.291545 0.217576 -0.062223 0.000314
112445 1011.779400 0.000000 6.470000 -0.000000
112119 103.465656 1.989181 6.562744 -0.000107
120391 1002.889065 1.603920 6.482574 -0.000140
120390 1002.634857 0.365875 6.485685 0.000000
128933 12.874066 0.224112 0.250439 0.000360
128931 12.898559 0.228898 0.137784 0.000367
135171 10.551588 0.168541 0.820511 0.000272
135170 11.536594 0.620268 18.246193 -0.000341
135173 10.554675 0.529331 17.523194 -0.000410
135172 12.209777 0.195039 0.820297 0.000314
135174 10.838254 0.170803 1.042494 0.000274
140764 10.346273 0.174282 1.230840 0.000186
140763 10.335147 0.168205 1.448031 0.000179
101860 2643.975155 37.739685 2.644926 0.054462
101861 1001.211852 0.356107 6.523407 -0.000010
138279 10.027887 0.010699 6.542871 -0.000002
138278 10.357266 0.001967 6.485438 -0.000001
129710 12.854368 0.226630 0.160770 0.000365
136545 11.164445 0.212438 0.156054 0.000337
136547 11.213872 0.224333 -0.207088 0.000356
119161 1004.248687 1.640759 6.478714 0.000288
119162 1001.119767 0.396260 6.490406 -0.000014
119164 1820.848855 35.010225 0.861262 0.056110
120187 106.305268 0.997109 6.554615 -0.000435
120188 100.069741 0.005065 6.470000 0.000000
120189 100.471007 0.156373 6.453420 0.000008
134690 11.821216 0.219605 -0.091356 0.000353
130323 12.676010 0.216596 0.337481 0.000350
128954 1833.645668 34.724394 0.945235 0.055709
100620 10.095300 0.000000 6.470000 0.000000
139788 10.647143 0.204007 0.228530 0.000323
139789 10.647147 0.204012 0.228531 0.000323
136433 11.221488 0.210153 0.227083 0.000334
136432 11.273021 0.222238 -0.143292 0.000353
139227 11.147733 0.224350 -0.234405 0.000356
136569 11.279750 0.347119 -6.489714 0.000549
136568 11.440915 0.321873 -4.742661 0.000447
136567 11.887742 0.490582 -10.465872 0.000799
136566 11.074750 0.241953 -2.008214 0.000384
136565 11.033577 0.214116 -2.018835 0.000338
136564 11.222016 0.265179 -2.498050 0.000326
136563 11.714052 0.435148 -8.773147 0.000710
119109 1042.660000 0.000000 6.470000 -0.000000
126211 13.152056 0.234416 0.161067 0.000376
103819 201.281863 15.371507 -32.672742 0.025157
133395 11.662781 0.186235 0.822000 0.000300
119571 144.459431 2.693002 -0.541548 0.004363
105080 1675.030000 0.000000 6.470000 0.000000
119249 24.285617 1.172518 -8.396891 0.001745
118220 14.278597 0.230096 0.754213 0.000364
118221 14.278629 0.230099 0.754976 0.000364
125337 1005.463465 0.352907 6.465076 -0.000007
119370 1062.130021 0.387104 6.488737 0.000003
115132 12.208463 0.209903 4.261262 -0.000073
140067 10.403348 0.254908 -0.804570 0.000397
140065 10.524332 0.311031 -2.694341 0.000488
100845 2583.853430 41.734663 2.195448 0.067374
100849 1114.173121 0.070376 6.470046 0.000002
100848 1092.225696 0.364700 6.464882 -0.000001
120537 2279.360423 43.686403 1.269304 0.068998
120536 1025.117485 1.871959 6.627504 -0.001068
120535 1006.459216 6.155056 4.754559 0.006407
120534 1000.790100 0.001263 6.469996 -0.000000
139240 1083.901929 19.059103 0.895122 0.030516
139533 10.718877 0.252906 -2.327361 0.000411
133284 11.835886 0.270162 -2.292300 0.000443
133281 11.835883 0.270161 -2.292300 0.000443
133283 11.881584 0.273383 -2.386490 0.000448
133282 11.881584 0.273383 -2.386490 0.000448
103781 10.547046 0.033124 5.719686 0.000040
119124 1000.829538 0.070149 6.470047 0.000002
119125 2368.289611 44.354505 1.330071 0.071572
119123 1001.364128 0.375511 6.467964 -0.000034
130489 1002.928062 1.614542 6.454921 0.000189
130486 1000.882641 0.014099 6.468204 0.000013
130487 1000.787807 0.380797 6.468382 -0.000033
112457 2261.371037 42.301236 1.306307 0.067785
130021 12.337221 0.186969 0.296521 0.000306
140238 36.491676 2.675012 -28.492690 0.004430
140239 27.508449 2.016544 -28.518351 0.003339
135508 13.754285 1.539985 -47.965107 0.002475
135509 14.095656 1.629780 -49.917844 0.002618
130459 2396.283111 43.878142 1.495679 0.070371
134671 11.933205 0.241837 -0.718547 0.000388
134670 11.933244 0.241523 -0.711788 0.000388
140349 10.765487 0.266230 -3.669121 0.000434
118862 1214.223132 2.141811 5.989602 0.003361
118860 1111.032853 19.734278 1.696833 0.031727
118861 1074.575081 0.947149 6.230759 0.001527
102007 1134.454330 1.590690 6.529590 0.000121
115402 1001.019387 0.348392 6.485594 -0.000008
115401 1000.648900 0.000000 6.470000 0.000000
115400 1003.045935 1.532430 6.484182 -0.000070
129924 2253.212532 37.457492 1.849847 0.056927
140003 10.484707 0.185958 0.182498 0.000298
140005 10.000000 0.000000 6.470000 0.000000
140004 10.000000 0.000000 6.470000 0.000000
140006 10.476082 0.185797 0.182209 0.000298
136548 11.214145 0.224443 -0.215338 0.000356
139434 107.721812 1.967052 -0.137778 0.003233
139433 107.721812 1.967051 -0.137778 0.003233
100641 3645.350624 67.408635 2.293523 0.108153
140913 1068.168678 15.277413 1.358151 0.015839
125129 1901.415618 35.959666 0.992661 0.057648
140068 10.524343 0.311046 -2.694341 0.000488
122786 2272.471615 43.078996 1.323286 0.068035
109349 1005.500000 0.000000 6.470000 0.000000
119163 1001.290000 0.000000 6.470000 0.000000
114297 1009.910000 0.000000 6.470000 0.000000
130600 12.760528 0.215566 0.450948 0.000348
130601 12.890808 0.226521 0.203865 0.000366
130602 12.760512 0.215550 0.451755 0.000347
130603 12.065345 0.178878 1.232254 0.000288
130604 12.151276 0.194099 0.820105 0.000313
103344 231.498425 3.966881 0.471327 0.006408
139603 106.102404 1.804889 0.415734 0.002901
139602 106.162619 1.864915 0.280036 0.002991
139605 102.306569 1.448121 4.569547 0.001843
139604 102.603775 1.530985 4.428653 0.002103
139971 11.394750 0.554867 -17.172342 0.000910
139970 11.092051 0.348878 -8.792653 0.000510
139972 11.229055 0.402514 -11.098001 0.000620
127339 13.096335 0.219492 0.561552 0.000353
127337 13.255460 0.228673 0.357955 0.000368
140029 11.217571 0.762886 -25.768710 0.001168
140024 1124.763665 21.111639 0.530542 0.033866
100623 10.552380 0.018213 6.243956 0.000014
100622 10.923495 0.016734 6.025937 0.000023
119414 1001.842200 0.000000 6.470000 -0.000000
119415 1901.091632 35.952591 0.992615 0.057637
119416 1222.953376 2.607059 6.832253 -0.003136
113102 1005.232434 0.062535 6.457446 0.000084
113103 1009.329049 2.344243 5.680767 0.003403
113104 1006.072267 1.554055 6.487665 -0.000090
133717 11.688178 0.287893 -3.032312 0.000470
133716 11.688221 0.287893 -3.032312 0.000470
133715 11.641397 0.285071 -2.977886 0.000466
133718 11.641159 0.285067 -2.978057 0.000466
100218 24.604824 1.200801 -14.421870 0.001995
119250 192.451629 11.275531 -20.006828 0.018526
133973 1190.966235 22.208152 0.611122 0.035627
133195 12.265397 0.218892 0.176684 0.000344
130445 12.761027 0.256968 -0.520430 0.000410
130442 12.696096 0.222644 0.201271 0.000360
118618 1114.177011 0.082218 6.470053 0.000002
101748 118.503548 0.005503 6.470000 -0.000000
118611 1092.315470 0.425504 6.464769 -0.000001
118610 2673.490220 50.358275 1.509264 0.081268
118612 1017.650099 4.864472 6.503397 0.000939
140761 10.346272 0.174281 1.230840 0.000186
135902 11.374109 0.219599 -0.029460 0.000350
135903 11.374114 0.219606 -0.029460 0.000350
135904 11.433668 0.231977 -0.399202 0.000370
135905 11.433786 0.232039 -0.401860 0.000370
136434 11.221488 0.210152 0.227083 0.000334
129443 12.901244 0.233377 0.031031 0.000375
133198 12.372970 0.232578 -0.177936 0.000366
129444 12.857972 0.227542 0.166793 0.000366
135325 11.626587 0.225233 -0.271762 0.000361
118449 1004.664405 1.580310 6.490745 -0.000085
119790 2267.077792 42.800601 1.260223 0.068583
100357 101.182184 0.468912 6.457307 0.000154
100359 118.516550 0.005509 6.470000 0.000000
140189 631.917681 619.848391 -10533.499261 0.858412
133197 12.265396 0.218891 0.176684 0.000344
133196 12.372944 0.232603 -0.178771 0.000366
134195 11.422282 0.273020 -2.849133 0.000444
120196 101.942357 0.476008 6.456929 0.000159
114251 1003.630553 1.376056 6.474359 -0.000120
114252 1010.517570 4.140943 6.498684 0.000797
140733 10.300904 0.170902 1.492098 0.000194
134672 11.847056 0.228023 -0.337657 0.000366
